 X		Y		Z		Time[us]
-40		-87		58		1.59202e-309
-59		125		64		0.00618584
-17		-105		41		0.0119427
-6		104		49		0.0264143
-59		-125		53		0.0294042
-50		-127		35		0.0325652
-78		-123		34		0.0357531
-80		90		58		0.038994
-75		-121		73		0.0421759
-89		-128		30		0.0454508
-25		125		46		0.0488537
116		-102		61		0.0562655
-96		113		70		0.0595235
256		90		55		0.0628374
-43		125		75		0.0662123
-84		-119		60		0.0696942
-84		-122		46		0.0729571
-92		120		62		0.076252
-21		100		46		0.0795139
-28		99		62		0.0828439
-17		116		49		0.0861558
-65		59		26		0.0987764
-36		75		45		0.102347
-65		117		31		0.105544
-67		-78		40		0.108724
-31		-113		55		0.111921
-33		126		61		0.115272
-3		112		51		0.118507
-80		-80		61		0.126567
-85		-90		42		0.129756
-62		111		17		0.132998
283		102		35		0.136337
-20		-125		51		0.139608
-52		120		15		0.143109
-73		-124		33		0.146614
-52		119		16		0.14978
-107		107		26		0.153081
284		123		69		0.156449
-61		-106		37		0.159739
-88		-74		48		0.163071
-105		-125		28		0.166461
-89		108		16		0.169681
-19		96		-5		0.173068
-59		-105		42		0.176512
-80		-86		29		0.179776
-71		-101		29		0.183089
-44		91		24		0.186422
-58		114		65		0.189541
-62		101		37		0.192691
-90		-101		46		0.195811
-95		-83		4		0.199036
-110		-93		41		0.202417
-83		108		39		0.205762
-23		105		27		0.20896
-12		102		66		0.212224
-108		-83		39		0.215577
-29		-51		32		0.218892
-86		110		34		0.222226
-37		122		21		0.225603
-16		-115		36		0.228802
-28		-120		57		0.232095
-93		-50		50		0.235451
-120		-116		24		0.238774
-118		103		51		0.242236
-10		59		46		0.24561
-34		115		56		0.249029
-94		-118		45		0.252264
-103		-104		74		0.276087
-60		97		104		0.279401
284		-124		62		0.282609
-1		-112		55		0.285981
-56		-77		57		0.289262
-81		99		69		0.292718
-42		121		96		0.295948
-107		-118		61		0.299158
-13		109		63		0.302351
-9		-94		40		0.305505
-95		-92		81		0.308837
-92		-81		51		0.312068
114		65		50		0.31537
258		121		64		0.337512
-20		-108		47		0.340998
-38		-42		75		0.344211
102		-88		44		0.347497
-64		121		70		0.350851
-8		83		56		0.354113
-28		127		50		0.357426
-67		-127		39		0.360775
-77		-81		63		0.363987
-41		-115		38		0.367332
-2		124		57		0.37529
-115		-53		55		0.378483
104		-57		73		0.38181
-80		-61		31		0.385145
-95		121		52		0.38842
-30		104		42		0.391728
-39		-73		30		0.39514
-95		-125		9		0.398367
-64		-52		38		0.401736
-76		108		15		0.405088
-41		-100		53		0.408303
-20		-81		49		0.411537
-35		-95		12		0.414845
-112		-55		41		0.418198
-113		-105		27		0.421445
-77		119		23		0.424892
-24		67		29		0.42848
-7		-113		33		0.431723
-32		-60		18		0.444969
119		-46		46		0.457513
-79		102		41		0.460783
-38		118		27		0.464093
290		-105		22		0.467446
-33		-21		42		0.470699
-70		-93		32		0.47409
-88		-89		38		0.477527
-63		114		10		0.480669
-45		96		38		0.483833
284		-88		26		0.487124
-105		-59		38		0.490462
-115		127		49		0.493754
-88		124		48		0.512961
-63		70		22		0.516317
-16		101		39		0.519489
-6		-125		37		0.522641
-39		107		38		0.525895
89		-48		39		0.529293
112		123		28		0.532597
-28		91		20		0.535891
-28		62		57		0.539299
-17		100		42		0.542729
-109		-95		64		0.546012
-71		120		28		0.54925
-56		53		68		0.552389
274		29		34		0.557171
-5		77		32		0.560368
-62		89		49		0.563655
127		90		61		0.567111
-33		27		26		0.575227
-21		-4		49		0.578452
-32		53		-3		0.581718
-65		107		50		0.585092
-86		63		53		0.58834
-59		18		49		0.591602
-40		51		56		0.594932
-61		28		56		0.598169
-55		63		60		0.601375
-111		66		40		0.604682
-102		81		58		0.60786
-78		-11		48		0.611108
-34		-17		35		0.614415
-57		-13		56		0.617706
-83		42		36		0.621047
-68		11		48		0.624844
-33		-13		46		0.628023
-36		15		55		0.631174
-15		44		13		0.63447
-87		25		44		0.637698
-44		3		41		0.641067
-64		25		34		0.646825
-76		-244		56		0.650269
-86		13		31		0.653823
-114		-32		44		0.657093
-86		-45		29		0.660327
-85		-49		24		0.663556
-73		-35		36		0.666909
-16		32		16		0.670203
-39		24		35		0.673789
-19		91		23		0.677131
-23		48		41		0.680446
-11		44		34		0.683849
-56		55		50		0.68722
112		17		24		0.690624
-121		-28		23		0.693955
-76		-64		16		0.697223
-71		-87		16		0.700559
-75		-55		37		0.703856
-57		-70		30		0.707139
-128		-69		57		0.710529
-63		-53		67		0.714221
-13		-4		45		0.71764
2		-2		65		0.721039
-38		-14		32		0.724339
-96		-4		43		0.727628
-122		-17		24		0.731302
-94		-2		20		0.734569
-111		-107		16		0.739022
-89		-68		11		0.742337
-32		-85		13		0.747002
-22		-60		62		0.750352
-77		-1		39		0.755482
-45		-51		46		0.758662
-30		-13		33		0.763231
-47		-12		16		0.766431
-84		-9		34		0.769601
-84		-9		11		0.77287
106		-39		19		0.7766
-88		-86		46		0.780912
-57		-108		20		0.784495
-54		-82		37		0.790482
-76		-62		34		0.795159
-54		-55		54		0.801595
-46		-61		46		0.804827
-46		-76		61		0.808111
-54		-63		62		0.81145
-115		-89		36		0.814927
114		-87		33		0.818472
80		-95		54		0.821865
123		-117		86		0.825032
-76		-100		72		0.828344
-8		-76		61		0.831694
1		-48		52		0.83496
-21		-30		63		0.838218
-41		-238		58		0.841737
-60		-22		68		0.844952
-53		-41		55		0.848344
-16		-15		60		0.851652
-9		-31		56		0.854953
-64		-18		48		0.858315
-85		-20		-1		0.86167
-124		-68		24		0.865106
98		-115		17		0.868366
100		-141		19		0.871887
-34		-149		52		0.875186
-42		-53		54		0.878419
-19		-62		53		0.881996
-23		36		51		0.885283
280		-50		93		0.888702
292		-16		79		0.891932
24		-52		114		0.895265
-28		30		79		0.898734
-13		-10		99		0.901841
-30		-58		104		0.906647
-124		-83		40		0.909918
125		-111		30		0.914396
-109		-128		40		0.917681
-61		-134		30		0.921817
-45		-21		66		0.925059
-33		27		40		0.929266
-9		86		84		0.932652
-24		30		84		0.936756
-49		-6		81		0.940042
298		-28		68		0.943222
19		5		40		0.947516
-47		50		54		0.950728
-127		-24		35		0.955061
-77		-101		24		0.958466
-86		-88		42		0.962729
-57		-71		15		0.96599
-73		-128		31		0.969207
-112		-110		63		0.972586
-34		-113		74		0.976766
315		5		101		0.980013
332		37		91		0.985206
-20		38		88		0.988384
263		-93		79		0.99177
-30		-121		40		0.995009
-31		-162		53		0.999625
-38		-97		69		1.00292
-88		-155		68		1.00764
-34		-132		38		1.01089
-54		-8		81		1.01577
4		41		95		1.01956
-1		28		114		1.02388
308		-23		71		1.02719
275		-16		34		1.03052
-64		45		45		1.03804
-74		-25		49		1.0415
-43		-70		34		1.04503
-29		-33		51		1.04898
-91		-16		15		1.05251
-11		23		65		1.05648
332		-3		80		1.06023
347		43		60		1.06444
293		31		48		1.06773
21		-49		106		1.07133
-77		-218		119		1.07577
-82		-177		115		1.08035
-20		-226		47		1.08362
316		-205		110		1.08725
-86		-80		103		1.09125
271		-17		114		1.09448
285		9		120		1.09757
351		94		78		1.10082
354		117		-126		1.10472
300		-103		-113		1.10798
-67		105		126		1.11223
-76		-25		70		1.1155
-12		-58		91		1.11866
-13		-101		72		1.12272
-53		-111		71		1.12584
-47		-59		57		1.13018
325		14		94		1.13342
-125		114		91		1.13772
371		-94		88		1.14093
-5		-52		122		1.14512
-77		-175		126		1.14841
-60		-512		125		1.15242
-89		-37		-126		1.15569
-63		-42		-128		1.15892
-39		-188		-116		1.16207
-53		-236		-102		1.16519
66		-194		-109		1.16833
-113		-70		127		1.17156
-43		8		125		1.17467
325		-117		114		1.1778
2		-64		103		1.18092
-119		-47		122		1.18411
103		65		101		1.18725
-25		12		62		1.19062
256		17		73		1.19473
282		0		76		1.1979
258		6		82		1.20118
-47		-10		103		1.20441
-24		33		90		1.20751
264		50		107		1.21079
-49		-113		89		1.21424
112		-63		112		1.21748
-105		-193		75		1.22411
-78		-18		78		1.22736
-8		-207		72		1.23084
264		-60		-121		1.23411
265		-7		-114		1.23738
273		47		126		1.24065
-34		94		126		1.24396
295		-62		125		1.2473
52		-128		106		1.25062
-32		38		-113		1.2538
-25		-23		-113		1.25707
-73		-46		-111		1.26024
-42		-32		94		1.26354
-33		-89		108		1.26674
-4		-72		123		1.27016
308		17		107		1.27369
348		75		107		1.27682
320		287		105		1.27997
-5		317		-108		1.28309
-101		-65		-110		1.28619
-120		13		-123		1.28928
-87		-60		126		1.29242
269		-118		126		1.29561
270		-64		-98		1.29876
322		-85		-81		1.30202
320		-7		-118		1.30523
263		30		-119		1.30848
-62		-118		-83		1.32234
-27		-154		-83		1.33395
286		-82		-82		1.33714
316		83		-83		1.34042
-44		-124		-92		1.34378
-73		61		-85		1.34704
123		-17		-125		1.3504
-51		-73		-84		1.35373
-56		-65		-109		1.35685
-89		-102		-101		1.35994
-76		-126		-108		1.36318
-77		-71		-98		1.36638
109		-13		-80		1.36949
125		63		-106		1.37278
-120		-253		-121		1.37654
98		-35		113		1.37982
79		-29		117		1.38312
116		-65		-125		1.38635
-123		-122		-107		1.38974
116		-213		-80		1.39316
-32		-158		-110		1.39644
-106		-90		-89		1.40195
121		-45		121		1.40516
83		-114		109		1.40854
112		-174		113		1.41178
-120		-236		98		1.41513
-111		-174		119		1.41847
-116		-184		120		1.42166
-90		-151		-125		1.42496
100		-60		-113		1.42818
58		-2		119		1.43157
59		-20		-121		1.43472
105		-21		114		1.43804
111		-54		79		1.44132
67		-68		72		1.44462
34		-31		75		1.44792
100		-81		109		1.45142
114		-123		85		1.45464
94		-8		107		1.45807
50		39		-126		1.46144
64		-254		89		1.4647
62		-53		106		1.46799
110		-81		75		1.47128
53		-113		92		1.4745
26		-87		76		1.47785
93		-105		105		1.48113
27		-87		-114		1.48438
-66		-2		126		1.49133
60		-82		-122		1.49457
61		-84		-111		1.49787
-1		-87		-117		1.50166
-32		-69		-107		1.50511
-14		-65		107		1.50832
7		-123		125		1.51158
45		-166		113		1.51476
32		-11		-115		1.51798
13		49		-98		1.52122
44		-20		-48		1.52442
60		-45		-62		1.52766
80		-83		-93		1.53109
76		-79		-104		1.53432
104		-18		-47		1.53968
53		-134		-28		1.56204
59		-170		-76		1.56531
-80		-97		-42		1.56879
-81		-121		265		1.57214
120		-26		-11		1.5754
112		-9		284		1.57874
-80		-187		290		1.58224
-82		-502		-5		1.58537
-44		-63		-18		1.58849
-36		-63		276		1.59159
-42		-233		-8		1.59478
380		-30		-40		1.59867
-114		-167		-8		1.60194
-36		-36		5		1.60505
299		-116		295		1.60827
311		-75		283		1.61144
337		-53		282		1.61455
322		-99		272		1.61782
272		-83		287		1.62201
-10		-51		277		1.62533
309		-147		307		1.62864
259		-101		321		1.63295
-49		-206		319		1.63909
-25		-184		302		1.64227
-82		-214		299		1.64569
-124		-215		280		1.64895
110		-112		-3		1.65228
87		-166		279		1.65563
107		-166		279		1.65893
73		-20		323		1.66223
63		29		312		1.6654
90		-40		329		1.6688
-91		-103		321		1.6721
-36		-88		293		1.67531
-58		-114		319		1.67859
-48		-72		305		1.68187
-48		-22		316		1.68512
-97		-51		339		1.68834
-89		2		335		1.69164
124		-124		327		1.69491
-60		-203		312		1.69826
-87		-28		339		1.70148
-110		1		308		1.70464
-81		21		281		1.70775
-84		-125		287		1.71106
-107		47		317		1.71439
-108		8		301		1.7176
297		296		282		1.73982
273		335		18		1.74315
-66		307		265		1.74646
-101		333		280		1.74982
-60		346		280		1.75306
-44		289		262		1.75646
323		324		259		1.76001
322		380		298		1.76311
-22		364		282		1.76629
-77		328		274		1.76959
-65		326		299		1.77301
-50		-127		336		1.77626
-88		-107		314		1.77958
-99		372		311		1.78283
332		-110		320		1.79036
327		-101		307		1.79372
349		-121		308		1.79697
314		-106		335		1.80019
361		-125		327		1.8034
309		350		342		1.8068
380		-110		332		1.81025
378		-122		355		1.81349
545		-109		341		1.81674
524		-60		329		1.82028
-23		-63		345		1.82364
-50		-94		335		1.82678
529		-113		342		1.83009
375		-105		352		1.83334
-49		318		325		1.83666
-27		332		318		1.84
561		318		336		1.84329
527		356		370		1.84676
566		307		379		1.85008
-5		-8		358		1.85329
-5		-36		373		1.85995
550		-92		383		1.86313
548		-102		-112		1.86646
608		115		-105		1.8698
620		108		-109		1.87305
-78		74		-102		1.87664
617		-68		-49		1.87987
617		-65		-44		1.88309
-50		-167		-74		1.88641
794		-226		-76		1.88986
872		-240		-82		1.89307
1038		-244		-74		1.89629
1076		-180		-70		1.89946
-93		-120		-54		1.90279
-81		36		-72		1.90604
1143		123		-57		1.9093
1082		-73		-68		1.91258
-50		-103		-77		1.91588
851		-50		-82		1.91908
518		-28		-110		1.92221
-99		-106		-79		1.92544
547		63		-56		1.92879
-14		-81		-33		1.9322
535		-2		-56		1.95098
512		105		-33		1.95423
-13		-81		-7		1.95758
-46		-57		-63		1.96091
575		-76		-77		1.96414
-113		-19		-71		1.9673
-104		293		-79		1.97057
556		294		-104		1.9738
-112		-59		-114		1.97724
-10		41		-112		1.98062
825		-256		-117		1.98386
895		12		375		1.98703
857		-121		-116		1.99041
-3		-77		-121		1.99362
-70		342		378		1.99696
-85		521		-114		2.01503
-111		-15		85		2.01839
283		540		68		2.02162
-102		586		75		2.02483
-123		-115		69		2.028
366		-70		99		2.03127
290		-43		-128		2.03453
-126		-73		117		2.03778
-15		785		103		2.04127
-106		-17		54		2.04471
-35		-29		4		2.04799
60		1061		15		2.05124
-209		-44		53		2.05445
-62		-28		125		2.05934
37		771		-123		2.06338
-43		785		-107		2.06658
-40		-117		-98		2.0708
107		-23		-81		2.07404
48		-17		-112		2.07725
50		-40		124		2.08053
36		813		124		2.08461
-84		842		90		2.08785
110		-17		103		2.09134
-11		833		127		2.09571
43		824		107		2.09909
-6		-93		104		2.10231
-82		-65		116		2.11044
-204		-86		103		2.11368
-132		-73		107		2.1172
-182		-94		104		2.1205
-170		857		-83		2.12396
-226		-126		-80		2.1272
-228		805		-81		2.1305
-174		789		-30		2.13381
-172		823		-42		2.13701
-216		844		-84		2.14033
-176		-60		-37		2.14354
-91		1134		308		2.1471
-98		1052		309		2.1504
-188		1127		336		2.15361
-223		-33		338		2.15683
-73		-13		356		2.16011
-24		770		-124		2.16339
-139		821		378		2.16671
-77		-26		-118		2.16994
-136		-69		-105		2.1735
-134		-90		-111		2.17669
-71		625		-116		2.17993
-89		566		-106		2.18318
-41		521		-128		2.18636
-60		547		-120		2.18964
-122		-103		-121		2.19286
-140		-27		-67		2.19615
-73		615		-17		2.21865
-100		542		274		2.22192
-161		-14		515		2.22515
-78		-103		257		2.2285
-6		-115		-20		2.23174
21		-93		-14		2.23514
57		-94		-7		2.23868
81		-78		521		2.24189
105		-80		544		2.24606
-95		-27		544		2.24937
117		-51		542		2.25254
107		-86		272		2.25567
-86		323		-7		2.25887
-11		301		-14		2.2621
300		310		-68		2.26539
268		294		-103		2.2686
282		-31		376		2.27983
274		-25		-102		2.28317
312		277		-119		2.28643
328		-6		-89		2.29072
382		334		381		2.29394
370		305		-84		2.29731
-73		266		-105		2.30073
-21		320		-120		2.30403
-48		284		-116		2.30738
-107		334		-110		2.31049
-84		261		362		2.31365
568		273		351		2.31674
526		279		356		2.3201
627		-3		360		2.32328
617		265		377		2.32638
593		321		343		2.3299
-20		297		322		2.3332
-73		265		302		2.33643
626		-82		289		2.35758
591		-106		267		2.36084
620		-35		256		2.36415
612		-12		-17		2.36741
609		-64		-34		2.37072
-104		-74		-20		2.37405
628		-67		260		2.37739
-60		-7		-45		2.38064
-124		-89		-24		2.38409
606		-125		-44		2.38741
-113		-81		-18		2.39062
-86		115		-50		2.39395
590		3		-7		2.41805
514		28		-12		2.42129
520		-37		-42		2.42456
592		-40		-8		2.4279
605		-24		-25		2.43113
628		-26		-4		2.43451
617		-74		-7		2.43782
570		-16		296		2.44103
598		-28		-42		2.44432
636		33		-22		2.46782
-117		50		-33		2.4711
630		42		-27		2.47434
566		-21		-32		2.47773
-120		-13		-5		2.48099
604		-61		-40		2.48435
544		-14		-10		2.48781
619		-131		-1		2.49103
584		-23		-13		2.49434
263		11		-16		2.49964
576		63		6		2.50278
568		7		259		2.50603
546		83		259		2.50928
596		62		275		2.51243
565		103		266		2.51577
-1		116		261		2.51902
576		-106		-3		2.5223
574		-113		273		2.52572
533		68		287		2.52904
-9		119		295		2.5323
-77		16		275		2.53558
-79		11		-2		2.53874
346		-9		-4		2.54205
-63		34		265		2.54543
-83		52		277		2.54872
-125		10		-4		2.55236
-121		109		-15		2.5556
291		-120		-12		2.57762
-25		121		258		2.58096
291		-1		-36		2.5842
-11		31		-31		2.58751
274		54		-27		2.59088
-18		95		-46		2.59416
-74		53		-30		2.59753
-108		47		-49		2.60102
-111		110		-16		2.60428
-122		-125		-40		2.6075
-122		74		-69		2.61078
25		73		-104		2.61401
90		-127		-107		2.63777
66		-117		-83		2.64107
77		-77		-87		2.64438
91		-111		-91		2.64781
-17		114		-99		2.65103
26		99		-97		2.65441
-95		87		-122		2.65774
111		111		-126		2.66095
101		75		72		2.66428
-59		306		54		2.68782
-101		273		58		2.69109
-148		-20		42		2.69459
-175		-12		25		2.69788
-92		-83		33		2.70121
-173		-28		66		2.70497
-159		-104		59		2.70823
-132		-65		65		2.71144
-177		-74		75		2.72657
-128		82		29		2.73912
-74		96		38		2.74232
70		126		51		2.74575
61		-121		31		2.74903
-46		-94		4		2.75236
36		-68		46		2.75561
53		-28		41		2.75907
-1		9		24		2.76228
71		84		74		2.76554
-49		34		51		2.78847
-25		59		94		2.79174
257		103		85		2.79525
-11		106		96		2.79854
-53		115		104		2.80178
-44		-126		86		2.80537
-5		-123		94		2.80866
-39		78		12		2.81195
297		34		44		2.81741
282		-6		40		2.82052
281		25		60		2.82367
274		26		43		2.82692
-33		13		65		2.83018
266		14		92		2.83341
-66		35		91		2.83675
-32		-2		87		2.83994
-22		-19		122		2.84325
-37		-75		90		2.84701
-64		-136		101		2.85034
-86		-147		107		2.85348
-47		-214		108		2.85678
330		-113		-125		2.85993
291		-93		-102		2.86329
293		-40		109		2.86669
278		-105		-127		2.86995
309		-126		-110		2.87336
338		-95		104		2.87662
-45		5		48		2.88616
95		-43		69		2.89863
-128		-118		70		2.90186
22		-144		41		2.90521
70		-215		45		2.90851
112		-192		36		2.91168
75		-64		43		2.91491
66		-35		60		2.91815
-122		70		57		2.92163
80		-84		58		2.92493
37		-116		46		2.9285
35		-72		45		2.93162
37		-37		56		2.93491
-11		-62		60		2.93813
-69		119		50		2.94141
-5		29		44		2.94778
19		-23		84		2.951
83		-68		64		2.95422
121		-33		39		2.9575
-84		-33		32		2.96073
124		81		48		2.964
-5		95		50		2.96736
-46		37		60		2.97062
-102		62		20		2.97392
-69		42		85		2.97734
25		-74		45		2.98052
53		-10		85		2.98377
-99		-23		83		2.98703
-36		64		97		2.9903
-10		123		38		2.99364
-106		-118		42		2.99689
282		-66		21		3.00033
285		383		20		3.00358
-90		343		-12		3.00679
-249		382		-58		3.01008
-101		-40		-49		3.01753
-255		102		-51		3.02076
-389		-42		-121		3.02412
-98		-443		-53		3.0274
-90		-71		-54		3.03067
-220		-497		-36		3.03392
-240		-100		-39		3.03716
-220		-16		-24		3.04055
-177		-139		-4		3.0438
-17		-72		-38		3.04704
-86		-43		-40		3.05021
-3		-19		-38		3.0534
-447		-48		2		3.05661
-201		-96		52		3.05997
-86		269		95		3.06325
-90		-96		73		3.06672
-203		-65		63		3.06995
-421		-26		88		3.07306
-454		70		33		3.07631
-666		-170		76		3.07959
-128		-134		27		3.0829
-694		-223		40		3.08961
-734		-5		3		3.09285
-21		-54		14		3.09612
-60		-92		7		3.09969
-40		-40		33		3.10295
-48		-135		41		3.10628
-105		-118		19		3.10969
-503		-115		56		3.11291
-453		-132		88		3.11619
-387		-125		117		3.11959
-452		-69		-87		3.12284
-438		-71		-104		3.12615
-20		-65		-43		3.12935
-99		-479		-48		3.13257
-58		-59		-48		3.13581
-63		-645		-2		3.13908
-40		-759		-27		3.14235
-105		-33		-9		3.14581
-120		-94		268		3.14909
-136		-647		-3		3.15225
-123		-686		-28		3.15544
-129		-56		-37		3.15864
-41		-480		-63		3.16184
-102		-440		118		3.16509
30		-660		94		3.18598
313		-67		108		3.18939
353		-118		122		3.19264
354		-85		-128		3.19585
-5		-78		115		3.19904
285		-79		107		3.2024
335		-1		117		3.20565
354		-99		120		3.20923
-128		-107		91		3.21239
356		-37		97		3.21557
346		-16		102		3.21872
378		-44		125		3.22186
372		-33		109		3.22508
345		-3		118		3.22835
297		-86		-128		3.23158
330		-106		-110		3.23664
347		-116		-122		3.23984
348		-64		97		3.24309
354		-244		73		3.24639
354		-246		116		3.24965
319		-185		90		3.25299
272		-172		67		3.25626
277		-154		39		3.25953
342		-74		58		3.2628
-117		-52		55		3.26618
-70		-13		90		3.26945
-96		8		81		3.27266
342		-7		50		3.27587
-122		17		49		3.27924
-86		35		102		3.28249
-108		71		85		3.28576
309		32		37		3.28912
-70		20		15		3.29231
-80		97		44		3.29564
-27		75		21		3.29887
-52		-103		13		3.30214
-57		-107		-7		3.32661
-39		-34		-1		3.32991
561		-22		20		3.33315
615		107		7		3.33657
-116		-99		-18		3.33997
-67		124		17		3.3434
-36		124		8		3.34659
-50		56		8		3.34975
789		36		39		3.35289
794		88		-9		3.35611
-5		127		-249		3.35949
-20		-118		-2		3.36271
-45		46		-17		3.38649
-15		34		-17		3.38969
-34		-22		12		3.39295
638		15		29		3.39627
-97		-47		42		3.39949
-63		-42		44		3.40288
639		75		15		3.40657
-85		45		50		3.40985
-54		-69		20		3.41308
556		81		23		3.43571
-36		-11		21		3.43894
-102		-73		31		3.44223
-103		-60		21		3.44569
-70		-84		41		3.449
368		-120		40		3.45264
-100		-126		31		3.45586
351		-124		39		3.45918
-96		-144		56		3.46435
-103		-78		40		3.46776
-8		-71		66		3.47105
-52		49		64		3.47417
-62		53		77		3.47731
382		24		55		3.48064
-88		28		60		3.48393
-92		-13		62		3.48717
-68		-87		68		3.49045
-54		-105		46		3.49373
363		-105		37		3.49709
-106		-130		64		3.50045
290		-110		76		3.50377
301		-143		59		3.50704
-80		-102		40		3.51056
-65		-135		70		3.51381
-29		-160		68		3.51705
-68		-150		51		3.52039
-46		-118		74		3.5237
-62		-123		88		3.52709
-16		-83		72		3.5304
-10		-128		86		3.53378
-6		-96		84		3.53705
293		-104		90		3.54033
311		-112		96		3.54362
348		-127		93		3.54688
-69		-79		101		3.55375
-32		-106		79		3.55689
513		-90		77		3.56002
596		-71		63		3.56343
612		-81		95		3.56679
622		-50		61		3.56998
-53		-2		73		3.57337
-99		29		98		3.57667
-73		49		55		3.58
-82		78		48		3.58339
784		39		34		3.5867
-11		-110		57		3.58999
861		-73		76		3.59328
856		-45		41		3.59653
784		282		37		3.59975
791		321		30		3.60305
-82		334		59		3.60635
619		294		59		3.61007
608		325		91		3.61334
585		315		65		3.6165
537		-10		88		3.61977
534		-27		117		3.62292
562		-4		121		3.62611
636		-50		-112		3.62933
-50		258		-118		3.63256
520		-55		123		3.654
-16		-66		76		3.65726
-52		-98		99		3.66054
-14		50		79		3.66378
566		-16		107		3.66702
541		-81		79		3.67026
-26		273		96		3.67352
-66		-4		96		3.67695
-57		290		-126		3.68029
381		303		113		3.68357
-87		303		90		3.68673
-62		321		88		3.68991
-52		259		87		3.69322
-29		-45		69		3.6965
-21		268		49		3.70109
273		-3		52		3.70429
-14		268		37		3.7074
-26		-14		51		3.71061
-107		259		29		3.71418
362		-36		-2		3.7175
369		-59		30		3.72076
-128		-50		-237		3.72425
378		-38		-5		3.7274
378		-76		-20		3.73067
379		-98		-76		3.73412
-89		-72		-54		3.73733
-96		-41		-26		3.74059
-104		-77		-80		3.7438
-54		-4		-62		3.74705
-51		279		-48		3.75034
-75		268		-57		3.75372
-104		-6		-85		3.75707
352		-16		-101		3.76054
-91		-73		-104		3.76394
-82		-44		-116		3.76716
373		-94		-81		3.77048
263		-78		-99		3.79404
265		125		-98		3.79748
318		101		-87		3.80068
311		-128		-99		3.80404
259		-96		-84		3.80735
-10		123		-85		3.81063
-14		86		-129		3.81443
-23		108		-102		3.81756
-74		86		-116		3.82086
-125		78		-123		3.82401
124		79		-106		3.8273
84		15		-96		3.83052
65		40		-102		3.8338
-115		91		-33		3.85273
-120		109		-25		3.85613
-105		-119		-34		3.85938
77		-56		-8		3.86304
-67		-104		-16		3.86628
-62		-96		-17		3.86945
-65		-55		5		3.87271
-1		-12		-17		3.876
116		262		-20		3.87929
117		3		-30		3.88267
-48		-39		14		3.88604
-112		278		-8		3.88927
116		257		-81		3.89261
-96		349		-62		3.91405
-197		337		-79		3.91735
-246		308		-62		3.92063
-21		290		-79		3.92395
-4		289		-105		3.92718
-82		329		-81		3.93048
-63		348		-75		3.93376
-55		272		-110		3.93706
-68		285		-93		3.94032
-461		369		-100		3.94354
-415		349		-129		3.94688
-49		-73		-124		3.9539
-119		563		-156		3.95711
-84		576		-142		3.96048
-53		595		-170		3.96374
-169		-56		-160		3.96702
-484		791		-211		3.97033
-71		-49		-217		3.97356
-83		-34		-224		3.97683
-45		-36		-239		3.98004
-255		-60		-238		3.98337
-51		-43		-252		3.98667
-250		-46		-249		3.98985
-204		-54		-223		3.99311
-234		-26		-250		3.99637
-210		-30		-256		3.99974
-214		776		-203		4.00307
-177		776		-229		4.00643
-192		826		-226		4.00975
-9		-66		-157		4.01298
-5		857		-138		4.03413
-239		-119		-164		4.0374
-33		-103		-153		4.0407
65		878		-117		4.04387
17		892		-110		4.0472
-252		-119		-97		4.0506
70		-108		-73		4.05391
84		871		-86		4.05721
123		883		-56		4.06043
-101		836		-51		4.06363
-32		835		-47		4.06687
-86		829		-47		4.07014
121		820		-18		4.08205
24		-32		-53		4.09464
78		-108		-34		4.09794
86		570		-10		4.10114
-249		550		-11		4.10444
89		-28		-21		4.10766
110		-48		19		4.11104
70		-4		22		4.1145
59		530		57		4.11778
58		564		73		4.12108
100		262		98		4.12448
-89		-30		-128		4.12772
-107		-51		-127		4.13385
-78		-85		82		4.137
-50		-63		125		4.14042
-19		-89		102		4.14377
260		368		73		4.14698
267		323		78		4.15035
-121		315		79		4.15366
369		311		92		4.15693
334		290		63		4.1601
381		-38		80		4.16341
-99		-17		100		4.1667
370		-25		67		4.16987
-79		284		45		4.17311
-25		276		18		4.17633
523		269		39		4.17975
-13		270		45		4.18319
-39		326		33		4.18658
526		316		15		4.18979
597		28		-23		4.1931
-98		-88		6		4.21265
599		-57		-37		4.21589
597		-116		-47		4.21919
568		110		-26		4.22253
623		-46		-7		4.22576
575		-45		-16		4.22898
-115		-28		-31		4.23221
-125		-31		-55		4.23558
639		-51		-36		4.2389
557		-13		-45		4.24257
560		-5		-38		4.24571
569		-38		-37		4.24896
636		-3		-51		4.25217
638		-22		-56		4.25544
-120		-11		-63		4.26337
-73		-34		-54		4.26657
-122		-11		-52		4.26987
-114		286		-62		4.27307
-98		312		-24		4.27645
-77		352		-26		4.27964
-92		-121		-39		4.28296
-121		-37		-58		4.28676
-117		-103		-13		4.28999
-112		360		-48		4.29329
628		-67		-55		4.29646
568		366		-5		4.29981
627		291		-2		4.30321
-125		297		-30		4.30645
-103		270		-50		4.30976
-56		296		-26		4.31303
769		346		-10		4.3163
-8		329		5		4.31952
-61		-88		46		4.32285
1110		274		33		4.34205
-93		333		67		4.3455
1311		334		42		4.34878
-8		-115		84		4.35207
-41		314		75		4.35535
1343		272		92		4.35857
1361		265		64		4.36176
-89		343		98		4.36511
-34		322		90		4.36833
-25		315		120		4.37165
1644		326		120		4.37503
-92		360		-116		4.37823
1804		348		97		4.38147
1837		350		-122		4.38469
-124		-83		-119		4.39191
-85		-74		-115		4.39517
-6		-68		-109		4.39849
2106		512		-97		4.40185
2159		525		-121		4.40509
2087		537		-120		4.40836
2158		526		-112		4.4116
-113		544		-119		4.41487
-80		537		-110		4.41809
-103		531		-100		4.42135
-114		-8		-102		4.42451
-71		-26		-62		4.42786
-60		521		-53		4.43116
2157		520		-82		4.43439
-66		-15		-100		4.43775
-43		-24		-92		4.44119
-44		570		-92		4.44456
-103		541		-98		4.44777
2120		625		-104		4.45122
2110		-79		-94		4.45444
1893		638		-106		4.46215
-97		-5		-123		4.46539
-62		-84		-106		4.46867
-42		-75		-82		4.47193
-113		-65		-94		4.47519
-9		-86		-86		4.47849
-3		-57		-48		4.4817
-107		-39		-34		4.48505
-63		376		-39		4.48829
1826		-116		-49		4.49157
1823		-84		-57		4.49472
-33		-46		-58		4.49798
-12		-74		-67		4.50118
-5		-119		-58		4.5045
1865		-90		-86		4.50776
-98		-115		-79		4.51143
-108		312		-114		4.51472
-92		286		-127		4.51789
1793		-61		-115		4.52107
1567		-27		92		4.52434
1640		-76		80		4.52756
1084		-67		-98		4.54039
-116		-35		-150		4.55289
-36		295		-143		4.55614
529		345		-178		4.55936
-45		311		-159		4.56285
-99		306		-205		4.56612
-114		268		-235		4.56938
2		118		-222		4.57281
-76		8		-207		4.57598
-16		-86		-233		4.5792
13		-147		-16		4.58232
-188		-209		-247		4.58551
-87		-455		-57		4.58875
-112		-150		-122		4.5921
-965		-134		-408		4.61124
-20		-110		-424		4.61448
-1182		-26		-395		4.61777
-1209		-9		-412		4.6211
-19		-61		-434		4.62437
-95		-91		-387		4.62758
-84		-412		-113		4.63076
-1679		-78		-99		4.63411
-125		-724		-391		4.63746
-1699		-1021		-105		4.64073
-19		-903		-101		4.64432
-3		-898		-83		4.64756
-1712		-689		-83		4.65998
-1519		-709		-76		4.67251
-1494		-712		-78		4.67582
-1484		-692		-85		4.67901
-124		-751		-10		4.68246
-1418		-995		-253		4.68577
-1451		-47		-251		4.68901
-75		-947		-234		4.69245
-48		-963		-210		4.69609
-28		-914		-183		4.6994
-1261		-126		-141		4.70269
-106		-33		-173		4.72083
-107		-444		-132		4.72408
-898		-47		-75		4.72733
-40		-456		-55		4.73077
-102		-447		-45		4.73412
-757		-506		-40		4.73734
-732		-488		-67		4.74065
-100		-438		-19		4.74396
-686		-393		6		4.74724
-113		-92		22		4.75056
-700		-104		51		4.75396
-687		-26		77		4.75736
-93		-240		-93		4.77954
-451		-167		-68		4.7828
-487		-73		-83		4.78615
-470		-90		-70		4.78942
-456		-23		-80		4.79264
-448		44		-71		4.79595
-426		104		-31		4.7993
-459		-78		-12		4.80287
-428		-83		-68		4.8061
-475		-62		-50		4.8094
-420		92		-22		4.81273
-39		104		-9		4.83145
-243		112		-20		4.83475
-164		-125		-27		4.83803
-105		-104		-54		4.84143
-46		-68		-65		4.84477
25		-70		-84		4.84795
92		-19		-80		4.85127
70		275		-103		4.85452
-88		272		-121		4.85793
288		277		-106		4.86136
302		304		113		4.86462
345		-4		103		4.86803
358		-11		106		4.87127
-108		299		94		4.87436
-50		306		99		4.87752
-63		310		92		4.88068
-118		347		70		4.8839
340		333		50		4.88718
-15		318		27		4.89039
317		276		8		4.8937
-42		0		27		4.89696
-61		-73		2		4.90027
-36		109		8		4.9036
-28		-86		-15		4.90682
335		-83		-27		4.91016
361		-56		-34		4.91347
-123		-76		-72		4.91661
349		276		-72		4.91996
352		298		-83		4.92321
-112		311		-78		4.92653
293		314		-67		4.93013
337		-38		-115		4.93342
383		-38		-109		4.93672
-99		27		-113		4.93996
314		78		-124		4.96091
330		51		-128		4.96428
334		78		-141		4.96754
358		-96		-135		4.9709
339		-128		-131		4.97412
313		-57		-149		4.97743
323		-92		-148		4.98081
343		-90		-163		4.98406
376		-118		-208		4.98748
361		-56		-144		4.99071
-124		-23		-136		4.9939
382		-36		-160		4.99711
-126		-18		-162		5.00035
285		-48		-128		5.00357
-7		90		-131		5.00665
-60		-123		-129		5.02071
-54		91		-120		5.02397
-101		-110		-67		5.02719
-42		51		-81		5.03037
-48		41		-89		5.03368
-65		6		-116		5.03691
315		70		-88		5.04019
-17		-102		-67		5.04339
271		91		-72		5.0466
262		-108		-54		5.04989
327		-114		-22		5.05319
367		89		-35		5.05653
317		76		-22		5.0599
359		-128		-33		5.06318
300		77		-42		5.06652
289		96		-56		5.0697
298		61		-59		5.07303
301		79		-32		5.07614
346		-8		-35		5.07954
-16		46		5		5.08276
-14		51		-1		5.08604
102		27		3		5.10939
-62		-114		28		5.1127
-36		93		44		5.11595
75		88		19		5.11936
62		41		0		5.12261
71		0		-3		5.12592
60		31		21		5.12906
-30		-38		6		5.13227
-38		-96		-24		5.13537
43		-36		2		5.13856
-16		40		25		5.14185
-63		-254		-252		5.14507
-100		-56		73		5.16825
-151		-65		63		5.17164
-98		-117		28		5.17484
-117		-124		57		5.17823
-175		-149		47		5.18142
-207		-187		106		5.18481
-175		-145		73		5.18821
43		-188		60		5.19144
120		-223		46		5.1947
99		-126		70		5.19808
-42		-188		50		5.22021
-33		-189		84		5.22354
288		-200		62		5.22671
365		-237		68		5.23005
335		-64		89		5.23332
362		-48		99		5.23664
-93		-83		-108		5.24009
-76		-50		-123		5.24348
-128		-392		-84		5.2467
636		-417		-89		5.269
-73		-88		-82		5.27241
-29		-108		-60		5.27559
-119		-123		-88		5.27902
618		-434		-59		5.2823
547		-485		-62		5.28555
589		-47		-77		5.28904
611		-15		-65		5.29233
632		-8		-49		5.29556
536		-497		-49		5.31895
-56		-473		-59		5.32223
-34		-494		-67		5.32541
-16		-477		-66		5.3289
-4		-457		-53		5.3322
-92		-481		-77		5.33576
-51		-19		-79		5.33913
-74		-459		-66		5.34239
-86		-99		109		5.34567
-41		-60		118		5.36986
257		-43		85		5.37303
-85		-132		58		5.37642
-54		-160		28		5.37979
-58		-80		-251		5.38308
-102		-17		-52		5.38633
318		-94		-63		5.38969
334		-71		-105		5.3929
326		-100		-130		5.39917
293		-39		-162		5.40233
383		10		-151		5.40568
329		-109		-184		5.40887
-35		-109		-172		5.41216
-65		-56		-198		5.41537
-118		348		-228		5.4186
53		374		-242		5.42203
46		345		-3		5.42529
11		-115		-1		5.42855
-2		-97		-8		5.43184
-53		353		-8		5.43505
27		310		-247		5.43826
51		302		-256		5.44158
-94		357		-8		5.44492
-108		-15		-512		5.44856
-120		585		-10		5.45188
-49		-57		-205		5.45512
-18		-38		-196		5.47847
111		-62		-193		5.48178
97		512		-148		5.48497
-118		595		-148		5.48845
-104		580		-107		5.49177
119		-81		-140		5.49509
36		-27		-111		5.49833
44		-77		-86		5.50143
52		-51		-67		5.50463
56		-76		-75		5.50787
94		-112		-26		5.51109
266		585		11		5.51784
307		531		23		5.52105
350		-27		67		5.52433
-105		515		120		5.52764
-117		584		-127		5.53085
-97		601		-106		5.53419
-62		630		-71		5.5375
-17		-90		-89		5.54086
-47		-34		-70		5.54427
-36		-22		-72		5.54758
544		-50		-48		5.55087
604		-86		-46		5.55416
-101		-99		-17		5.55747
-41		639		-26		5.56071
-115		633		-21		5.56391
-92		598		-9		5.56716
-108		516		-19		5.5706
-125		549		274		5.57384
-109		553		345		5.57717
-93		569		292		5.58046
-124		627		308		5.58366
-26		-23		333		5.58799
-99		-127		332		5.59109
258		528		347		5.59431
367		363		348		5.5976
316		286		306		5.60079
-126		364		325		5.60401
-1		380		304		5.60745
-72		-82		288		5.61068
-106		-125		298		5.61398
-108		-111		292		5.61729
120		-101		-18		5.62055
34		-7		-12		5.62392
-29		-32		-11		5.6271
-49		525		-29		5.63035
-184		-8		-39		5.63353
-13		-86		-37		5.63687
-116		-72		-36		5.64013
-450		350		-64		5.64342
-19		270		-65		5.64676
-92		-1		-45		5.64987
-762		263		-31		5.65326
-710		-101		-77		5.65658
-660		97		-90		5.6598
-108		-79		-122		5.6667
-647		260		100		5.66989
-60		310		63		5.67317
-684		383		40		5.67652
-711		365		25		5.67974
-644		-113		-4		5.68298
-62		-64		-33		5.68618
-39		-65		-51		5.68942
-98		-119		-69		5.6927
-644		363		-116		5.69591
-67		-9		-110		5.69914
-23		-50		-40		5.7023
-72		-92		-83		5.70554
-690		119		-120		5.70892
-26		-251		-150		5.71215
-477		76		-147		5.71548
-91		-115		-155		5.71897
-88		-30		-185		5.72226
-12		-35		-187		5.72547
-201		262		-205		5.72857
-165		297		-244		5.73175
-31		329		-254		5.73504
71		375		-6		5.73841
-122		310		-214		5.75638
-34		259		-207		5.76004
-35		-21		-174		5.76336
-69		-100		-159		5.76674
-23		-91		-157		5.77
264		-104		-132		5.77329
311		-125		-123		5.77644
306		-76		-131		5.77962
264		-33		-112		5.78294
-5		272		-133		5.78634
313		-7		-110		5.7896
-119		267		-79		5.79299
370		-15		-75		5.79623
373		-43		-11		5.79937
-107		-35		3		5.80265
362		-32		-30		5.80596
-49		-122		115		5.82618
-65		106		-123		5.82944
356		80		-94		5.83274
-86		109		-94		5.83608
-48		67		-84		5.83931
-35		33		-70		5.84258
-113		126		-42		5.84591
-118		126		-37		5.84942
-107		52		-64		5.85271
314		77		-7		5.85608
363		99		-22		5.85941
344		121		-19		5.86268
332		-105		-1		5.86604
-8		-110		288		5.87609
-46		-115		309		5.8886
-43		-97		-6		5.89186
318		-43		263		5.89515
287		260		283		5.89855
-124		-32		272		5.90168
-124		-72		261		5.90494
259		-36		296		5.90826
-124		281		11		5.91156
111		-50		-11		5.91491
85		-104		-20		5.91844
113		-95		-38		5.92164
59		57		-52		5.92494
-17		112		-91		5.94587
295		99		-98		5.94915
267		-83		-104		5.95245
270		-76		-102		5.95574
349		-114		-96		5.95906
334		-114		-116		5.96236
-120		-124		115		5.96569
-42		79		120		5.96933
545		61		121		5.97254
571		66		97		5.97577
568		126		99		5.97899
256		-115		92		5.9862
-44		103		64		5.98939
560		108		87		5.99275
574		-71		57		5.99606
265		-99		66		5.99929
-1		91		51		6.00259
-31		122		56		6.00583
-21		111		49		6.00915
-26		72		38		6.01236
570		97		77		6.01565
-50		121		51		6.01897
514		50		41		6.02217
539		48		77		6.02543
613		71		73		6.02869
542		66		108		6.03201
609		-120		107		6.03537
585		-65		72		6.03865
556		-34		77		6.04195
-6		-120		84		6.04527
317		-112		76		6.06597
-4		-65		82		6.06923
-63		-100		69		6.07263
121		-84		70		6.07599
112		-90		56		6.07915
0		-5		86		6.08242
-238		307		84		6.08583
-45		325		61		6.0891
-16		373		71		6.09247
-86		374		86		6.09579
-124		-121		60		6.09898
-228		-9		83		6.10236
-462		260		73		6.1056
-75		-6		58		6.12588
-81		521		46		6.12915
-649		530		58		6.1325
-647		520		8		6.13575
-683		571		13		6.1389
-124		626		5		6.14224
-655		-61		43		6.14548
-652		-13		25		6.14877
-16		768		17		6.15213
-717		794		29		6.15573
-85		-31		-6		6.15895
-48		613		47		6.16223
-724		-122		28		6.18665
-748		614		12		6.18982
-116		-102		37		6.19323
-127		-18		27		6.19668
-646		-22		42		6.19985
-78		-113		45		6.20302
-470		-30		60		6.20622
-57		-29		39		6.2095
-35		-123		92		6.21273
-103		-119		70		6.22758
-395		-123		112		6.23157
-14		-42		81		6.23761
-509		-31		80		6.24093
-236		354		-112		6.24425
-162		-117		-82		6.24744
-201		-113		-80		6.25057
-171		313		-86		6.25388
-10		-2		-59		6.25728
-239		-6		-30		6.26048
-88		-59		-27		6.2637
-220		-126		-39		6.26693
58		-98		267		6.27488
-90		-93		300		6.27808
-74		-152		304		6.28136
285		-122		312		6.28463
334		-170		354		6.28788
-87		-123		344		6.29119
-82		-137		-117		6.2945
563		-115		380		6.29774
566		-133		-111		6.3011
624		-159		-77		6.30443
614		-492		-85		6.30769
815		-119		-95		6.31083
843		-95		-91		6.3141
827		-118		-86		6.31739
-125		-420		-85		6.32068
-112		-53		-55		6.32403
-103		-428		-47		6.32762
-68		-395		-76		6.33096
-23		-1		-59		6.35452
1108		-170		-78		6.35797
1128		-186		-115		6.36116
-114		-200		-111		6.36449
1091		-143		-113		6.36788
1065		-235		377		6.37118
1029		-11		367		6.37449
-2		-230		363		6.37768
-95		-69		335		6.381
-95		-122		338		6.38432
879		-46		304		6.38751
-64		-253		317		6.39075
-13		-33		299		6.39392
544		-96		354		6.3973
-94		8		318		6.4005
-119		-468		293		6.40379
-13		-228		300		6.40815
-112		-215		-12		6.4114
-124		-102		-38		6.41479
301		-59		-35		6.41803
-71		-1		-38		6.42135
-155		15		-79		6.42673
-80		53		-114		6.42989
-26		-24		-105		6.4332
-140		-48		-113		6.43657
-151		-6		79		6.4398
-1		99		111		6.44314
-140		31		73		6.44634
-156		101		109		6.44969
-179		-123		100		6.45298
-228		47		100		6.45623
-195		-119		120		6.45952
-139		80		100		6.46271
-114		22		119		6.46601
-92		102		-123		6.46925
-18		-109		106		6.47251
-47		116		90		6.47575
29		-113		-100		6.47908
71		-25		127		6.48239
-58		-101		103		6.48561
281		-54		115		6.48895
-62		121		126		6.4923
345		-60		71		6.49579
348		24		36		6.49904
307		42		54		6.50218
-9		22		-121		6.50539
322		-248		113		6.50857
-119		16		109		6.51183
361		22		95		6.51504
365		-49		77		6.51832
327		-7		94		6.52171
-78		75		-123		6.52494
-59		82		-92		6.52808
-49		109		-70		6.53129
-72		115		-61		6.53444
531		73		-25		6.53767
257		93		-24		6.54088
-4		120		-34		6.54626
358		116		-50		6.54949
330		97		-22		6.55269
-126		105		-17		6.55596
336		62		-13		6.55927
-118		295		331		6.57373
-205		266		309		6.58626
-230		312		339		6.58944
-253		-41		358		6.59277
-30		261		340		6.59623
-85		-110		328		6.59967
-105		-123		-107		6.60299
-38		-126		379		6.6061
-22		-61		365		6.60929
-19		281		-127		6.61252
-219		300		-115		6.61561
-182		302		-78		6.61871
-182		285		-105		6.62188
-156		358		-105		6.62501
-108		313		-107		6.62819
-57		256		-86		6.63133
-87		19		-121		6.63445
-114		-105		346		6.63766
-13		88		-127		6.64097
105		-25		306		6.64421
105		369		-4		6.66494
51		378		263		6.6682
112		260		-3		6.67175
120		282		-14		6.67498
-120		-64		-54		6.67812
120		-114		-79		6.68142
311		-99		-57		6.68469
-15		-51		-20		6.68797
335		109		-46		6.69134
321		124		-56		6.69453
307		-65		-53		6.69784
360		-124		-63		6.70106
-27		-100		-62		6.70432
546		-62		-72		6.72384
577		-110		-86		6.72709
589		-131		-78		6.73034
-100		-198		-99		6.73373
-68		-120		-124		6.73693
-8		-130		-101		6.74024
-19		-108		-89		6.74342
769		-64		-113		6.74676
788		-89		-128		6.75003
829		-127		-112		6.75351
812		-133		-115		6.75681
-29		-119		-126		6.76008
-102		-90		-109		6.78363
849		-69		-106		6.78688
825		-60		-98		6.79007
-14		-80		-109		6.79344
-19		-132		118		6.79668
-12		-155		122		6.80024
-34		-131		124		6.80356
-62		-237		-113		6.80678
-52		-35		-120		6.81005
-86		-82		97		6.81328
-41		-55		74		6.83507
-96		-3		73		6.8385
333		34		84		6.84169
310		-26		87		6.84491
275		-11		52		6.84815
264		35		43		6.8515
-53		-5		43		6.85494
126		-46		36		6.85838
102		85		58		6.8616
-147		-22		-12		6.86537
-78		269		-6		6.88268
-79		304		-38		6.88605
-113		340		-26		6.88948
-62		296		-72		6.89288
-445		-66		-53		6.8961
-741		-118		-74		6.89933
-33		-37		-101		6.90259
-17		-8		-93		6.90591
-652		-1		-94		6.9093
-701		-18		-106		6.91271
-14		562		-152		6.91633
-8		532		-150		6.91961
-98		557		-144		6.94271
-33		-98		-131		6.946
-50		-110		-163		6.94927
-50		-91		-116		6.95263
-82		-114		-151		6.95586
-728		-106		-104		6.95915
-27		-112		-128		6.96263
-734		620		-121		6.96595
-113		599		-110		6.9692
-124		-82		-55		6.97258
-477		609		-77		6.99463
-101		-66		-29		6.998
-37		-29		-19		7.00118
-489		-109		6		7.00457
-111		571		41		7.00783
-404		602		90		7.01113
-158		-78		126		7.01453
-227		-68		-111		7.01807
-199		-82		-98		7.02127
-142		-37		259		7.02451
104		-124		313		7.04303
-20		354		325		7.04626
-56		376		359		7.04954
-51		378		378		7.05291
268		317		-127		7.05614
357		285		-76		7.05942
-4		10		-82		7.06264
-98		-18		-74		7.06593
-116		-67		-31		7.06932
299		-119		-16		7.07272
-46		-111		-24		7.07603
259		51		543		7.07925
-27		62		514		7.08261
-54		-9		520		7.08578
601		-120		515		7.08889
587		-99		544		7.09211
-98		-110		545		7.09538
-71		-111		532		7.09876
772		-178		-6		7.10206
838		-149		533		7.1053
-67		-212		562		7.10856
-36		-217		-36		7.11194
878		-510		-43		7.11516
-71		-35		-67		7.11842
-98		-254		-68		7.12171
-121		-105		-99		7.12502
879		-392		-117		7.12825
-74		-103		365		7.13167
-83		-394		351		7.13497
847		-460		350		7.13835
-123		-31		282		7.14191
1024		-54		276		7.14512
825		-496		273		7.14841
1085		-1		-12		7.15331
-36		-477		-32		7.15643
-47		-35		-44		7.15967
-76		-104		-56		7.16294
-31		-70		-106		7.16612
-110		-659		-110		7.16939
-52		-701		-123		7.17276
877		-746		123		7.17609
-74		-54		113		7.17936
-120		-51		49		7.18272
1048		-38		44		7.18608
1094		-687		51		7.18927
1048		-32		49		7.19245
1113		-121		38		7.19573
1044		-248		24		7.19899
-65		-200		19		7.20228
1056		-229		-32		7.2056
778		-25		-74		7.20886
-43		-254		-55		7.21212
875		-54		-72		7.21522
-70		-416		-103		7.21854
-61		-442		-130		7.22176
-90		-479		-188		7.22503
850		-444		-227		7.23261
826		-99		-202		7.23582
799		-63		-194		7.23944
838		-196		-198		7.24262
818		-121		-185		7.24584
-26		-39		-203		7.24909
-83		-74		-197		7.25233
-46		-69		-216		7.25556
-59		-2		-177		7.25878
-75		-27		-179		7.26209
-110		-88		-143		7.26526
632		-130		-142		7.26845
524		-205		-135		7.27174
631		-21		-102		7.27503
-116		-212		-112		7.27832
596		-117		-88		7.28168
278		21		-109		7.2852
-31		-14		-121		7.28839
-61		-38		-108		7.29156
365		63		-86		7.29468
-83		16		-120		7.29791
-59		126		-113		7.30124
351		7		-64		7.30446
-31		101		-33		7.31282
-45		81		-50		7.31606
-28		64		-36		7.31928
-26		-12		-13		7.32251
-7		-31		54		7.32567
550		-81		84		7.32891
-9		-105		97		7.33225
624		-150		124		7.3356
628		-139		-112		7.33884
-8		-123		-84		7.34213
791		-115		-85		7.34538
832		-30		-75		7.34867
-101		-78		-53		7.35194
-125		-2		-60		7.35521
886		26		-94		7.35853
-66		27		-67		7.36169
1042		98		-28		7.36483
-82		-97		-43		7.36807
845		104		-81		7.37132
786		104		-75		7.37454
-93		119		-109		7.37776
623		-20		-98		7.38101
-12		-12		-23		7.39954
-13		-41		-1		7.40279
-65		-19		-24		7.40608
-124		-164		-6		7.40952
-127		-134		265		7.4127
-95		-121		293		7.41591
47		-60		281		7.41909
43		-53		326		7.42243
114		-19		304		7.42571
-107		-62		321		7.42899
7		-108		322		7.43249
72		-152		324		7.43574
-137		-125		322		7.43883
-106		-146		287		7.44203
-54		-225		279		7.44532
-79		-187		-22		7.44856
-90		-132		-50		7.47137
-26		-204		-49		7.4747
74		-207		-63		7.47788
79		-190		-61		7.48131
-110		-222		-93		7.48457
104		-206		-55		7.48819
-109		-233		-77		7.49143
-84		-205		-44		7.49453
121		-177		-68		7.49776
-47		-227		-71		7.50098
-34		-183		-76		7.50424
-76		-215		-104		7.51169
267		-161		-109		7.51489
322		-105		-124		7.51819
303		-200		123		7.5214
-114		-152		84		7.5247
-84		-91		106		7.52797
334		-46		54		7.53128
-128		-82		51		7.53459
-119		34		-18		7.53779
330		24		-10		7.54112
367		-27		-35		7.54442
298		37		8		7.54772
297		34		-30		7.55108
287		22		-32		7.55443
309		-18		-65		7.55771
-17		29		-81		7.56108
-51		3		-102		7.56452
-113		-70		-120		7.56773
122		-66		-105		7.571
-82		-49		-99		7.5743
99		10		-127		7.57748
25		-1		-124		7.58068
99		39		-106		7.58392
18		30		-95		7.58715
-6		63		-97		7.59044
-57		67		-80		7.59368
26		62		-85		7.59698
-20		-36		-111		7.60027
-57		-61		-109		7.60355
-82		-12		-105		7.60677
-117		-72		-143		7.62025
-127		0		-148		7.62384
-151		15		-181		7.62703
-78		17		-152		7.6304
-22		-4		-193		7.63363
-189		-74		-171		7.63688
-247		-109		-198		7.64036
-18		-113		-223		7.64358
-509		-120		-214		7.64683
-72		-72		-219		7.65005
-79		-97		-219		7.65336
-66		-124		-194		7.65681
-108		-45		-230		7.66025
-435		-42		-207		7.66352
-4		-126		-204		7.66675
-25		-171		-180		7.67009
-489		-197		-214		7.67329
-100		-210		-139		7.67648
-8		-162		-177		7.67971
-59		-14		-156		7.68302
-510		-34		-154		7.68623
-490		-56		-129		7.68954
-440		-90		-147		7.69277
-421		-26		-140		7.69613
-117		-253		-125		7.69947
-99		-210		-124		7.70269
-102		-161		-150		7.70588
-10		-89		-149		7.7091
-217		-22		-165		7.71232
-10		31		-136		7.71555
-48		19		-165		7.71875
-95		27		-138		7.72202
-61		55		-156		7.72527
-76		-58		-152		7.72866
-104		-99		-163		7.73196
-117		-1		-130		7.73515
-701		46		-113		7.73843
-59		-20		-126		7.74177
-512		-52		-143		7.74502
-400		-82		-126		7.74833
-452		-73		-168		7.75163
-456		-23		-143		7.7549
-453		62		-113		7.75813
-58		99		-110		7.76138
-7		60		-52		7.76937
-490		73		-68		7.77256
-424		55		-69		7.77589
-395		26		-60		7.77921
-69		105		-33		7.7825
-120		-107		-32		7.78576
-403		-83		-19		7.78913
-445		-5		25		7.79237
-7		260		12		7.79578
-467		5		8		7.79922
-424		-67		4		7.80252
-444		-48		14		7.80574
-11		-26		18		7.8092
-50		-82		38		7.81242
-40		-88		47		7.81574
-479		-102		43		7.81915
-493		-72		49		7.82248
-480		281		50		7.82571
-511		-23		40		7.83013
-472		329		77		7.83357
-418		323		90		7.83671
-67		308		92		7.83996
-35		-91		126		7.84305
-157		-40		90		7.84615
-24		550		104		7.84939
-8		512		-126		7.85249
-194		513		-110		7.85559
-76		570		-119		7.85876
-57		585		-73		7.86188
-67		547		-43		7.86506
-136		518		-39		7.86824
-54		-36		-48		7.87143
-63		-60		-24		7.87466
-23		-14		-23		7.87792
119		-62		-13		7.88139
353		587		-24		7.89985
357		539		-11		7.9033
354		555		-43		7.90658
-37		566		-37		7.90993
538		619		-32		7.91323
539		603		-14		7.91638
-37		-86		-37		7.91957
-5		-76		-41		7.9229
-67		-121		-5		7.9262
-42		-28		-13		7.92944
-33		-21		265		7.93302
-48		-20		263		7.9362
-58		-44		268		7.93931
-53		-107		277		7.94242
-41		374		269		7.94568
601		375		281		7.94886
-96		-57		282		7.95208
-85		-40		260		7.95528
608		-52		0		7.95864
806		350		-56		7.97863
-28		365		-61		7.98194
-11		341		-78		7.98522
806		312		-113		7.98859
513		353		-126		7.99176
-109		352		-124		7.99499
637		354		120		7.99847
-96		285		105		8.00175
-114		12		104		8.00509
-13		-62		59		8.00934
-58		-59		92		8.01253
-80		-30		89		8.01576
-90		-105		93		8.01898
-45		-108		83		8.02242
772		-105		51		8.02554
823		-70		47		8.02881
805		-37		58		8.03256
-36		266		46		8.03702
-13		-5		57		8.04038
-10		120		5		8.04361
805		39		42		8.04927
789		46		41		8.05249
-62		17		27		8.0558
778		-8		29		8.05903
-16		53		34		8.06226
-61		90		-235		8.06567
-34		-117		22		8.06887
-105		-115		-5		8.07222
557		-125		22		8.07553
629		73		-39		8.07882
-77		85		-28		8.08212
-88		72		-47		8.08533
619		8		-25		8.08866
-96		-17		-38		8.09189
634		1		-41		8.09519
573		30		-29		8.09865
572		69		-16		8.10195
518		98		-53		8.10548
272		60		-32		8.10866
-60		90		-43		8.11178
-34		-124		-14		8.11506
-35		61		-27		8.11841
-59		40		-38		8.12166
-61		85		-67		8.14003
-71		-108		-55		8.14341
-86		-84		-24		8.14668
297		-32		-47		8.15015
262		-83		-60		8.15345
284		124		-35		8.15661
266		76		-23		8.15987
297		62		-57		8.1631
276		27		-57		8.16649
-84		60		-15		8.16997
-106		53		-27		8.17344
-71		41		32		8.17655
-45		95		-12		8.17986
-63		-120		26		8.18307
116		-104		43		8.18636
-13		50		59		8.20942
75		26		78		8.21273
65		88		100		8.21591
-121		-105		99		8.21931
-119		-56		94		8.2226
51		-40		-122		8.22602
103		-18		-118		8.22923
-97		-26		106		8.23241
-105		-45		111		8.2357
-110		-58		-100		8.23894
96		-80		-119		8.25773
101		-46		-112		8.26097
60		-47		-101		8.26426
94		-52		-89		8.26766
100		-85		-81		8.27089
118		-59		-109		8.27415
120		-5		-88		8.27745
76		294		-100		8.28077
65		276		-100		8.28414
98		292		-108		8.2876
122		293		-83		8.29104
75		334		-93		8.29427
-33		-112		-108		8.30007
-11		-121		-120		8.30322
33		271		-101		8.30656
7		258		117		8.30993
23		281		-126		8.31314
-18		302		-112		8.3165
-78		328		107		8.31967
-53		294		102		8.32299
-46		352		120		8.32636
27		-123		113		8.3296
-17		-105		68		8.33285
-130		-116		76		8.33607
-147		-77		84		8.33931
-51		-97		76		8.34253
-25		-122		84		8.34589
18		-126		66		8.34914
30		-63		61		8.3526
-25		-83		93		8.35586
12		-85		89		8.3591
97		-96		29		8.36736
-125		-38		31		8.37059
-125		521		60		8.37385
69		540		28		8.37716
95		-7		24		8.3804
-108		-36		29		8.38371
-38		530		12		8.38713
-55		516		18		8.39047
-46		536		32		8.39375
-18		525		24		8.39706
-41		-58		47		8.40029
320		-58		23		8.40357
350		521		18		8.40704
345		553		21		8.41029
-35		581		-17		8.41369
319		-28		8		8.41712
356		-35		-233		8.42033
-115		-76		-12		8.42349
-74		-4		20		8.42675
-107		515		-12		8.43006
383		-57		3		8.43329
-47		-103		4		8.44703
517		-118		1		8.45954
-11		-45		22		8.46275
-54		-91		53		8.46602
-116		341		75		8.46951
-56		259		39		8.47309
554		286		57		8.4764
567		346		46		8.47961
572		-122		42		8.48279
-50		354		48		8.48591
-44		280		54		8.48914
540		-26		34		8.4924
573		-90		73		8.49563
634		-87		56		8.51845
591		-66		98		8.52172
-55		-108		88		8.52503
531		50		45		8.52833
637		-11		68		8.53165
-109		33		72		8.53497
-115		5		-125		8.53821
607		-3		82		8.54143
592		-70		108		8.5447
-73		-144		93		8.55734
-22		-93		90		8.56929
782		-147		64		8.57265
517		-104		78		8.57591
-44		-173		93		8.57918
-66		-157		115		8.58248
770		-159		104		8.58575
784		-151		101		8.58929
-32		-131		79		8.59257
-70		-104		126		8.5958
-24		-202		125		8.6066
610		-237		116		8.6172
-118		-252		121		8.62058
624		-215		121		8.624
-94		-182		-110		8.62718
582		-139		110		8.6304
538		-138		-123		8.63361
-24		-9		118		8.6374
557		-16		98		8.64073
623		-216		76		8.64402
527		-174		78		8.64742
-59		-163		84		8.65078
382		-142		76		8.65402
311		-190		68		8.67795
296		-226		44		8.6812
-1		-174		36		8.68456
-73		-159		50		8.68785
-73		-179		59		8.69113
-54		-166		63		8.6943
-22		-140		71		8.69752
-13		-90		42		8.70081
-49		-7		-7		8.70411
-53		-74		0		8.72741
-30		-66		3		8.73078
-54		-51		15		8.73396
-52		7		15		8.73726
-63		76		-245		8.74064
-67		67		22		8.74392
-79		21		36		8.74722
-50		13		18		8.75052
-15		11		34		8.75376
-122		-117		47		8.77713
59		-102		16		8.78051
124		85		6		8.7837
-102		40		26		8.78711
-67		18		6		8.79034
-118		36		19		8.79382
-121		50		-254		8.79708
119		36		16		8.8003
121		36		32		8.80648
-117		31		49		8.80993
94		-90		45		8.81322
-224		-87		77		8.8187
61		69		53		8.82209
113		87		28		8.82541
-103		126		61		8.82863
73		-125		40		8.83192
24		110		45		8.83518
-6		127		64		8.83843
11		101		76		8.8416
69		118		64		8.84485
-14		-94		82		8.84803
-37		-33		81		8.85137
-90		-88		62		8.85475
63		89		47		8.85814
60		73		81		8.86151
65		66		60		8.86479
-49		-37		117		8.88628
-100		-45		120		8.88956
-105		107		98		8.89284
-11		95		119		8.89618
77		120		108		8.89953
74		102		74		8.90288
20		88		80		8.90627
-63		71		88		8.90961
5		90		78		8.91273
71		110		96		8.91604
52		-127		110		8.91936
39		-77		85		8.92263
107		122		73		8.93571
67		102		66		8.94821
-125		92		62		8.9515
-84		96		47		8.9547
-109		-112		44		8.95805
124		-44		40		8.96135
75		-88		39		8.96463
-122		112		66		8.96793
-100		72		51		8.97116
-3		29		36		8.97449
-87		91		28		8.97787
-67		-63		12		8.99704
-94		-99		17		9.00044
-118		109		24		9.0039
-47		86		20		9.00706
-25		72		-2		9.01032
-36		98		7		9.01362
-98		49		24		9.01693
-119		31		11		9.02033
124		17		-253		9.02367
-17		52		3		9.0271
-62		-83		24		9.03036
105		-104		17		9.03732
109		76		30		9.04053
-74		43		16		9.0439
-26		32		13		9.04704
-43		91		-248		9.05033
-72		97		-7		9.05361
-75		11		-8		9.05682
-88		8		0		9.06027
-34		61		14		9.06349
-24		86		4		9.06674
-128		-104		-244		9.06994
104		-122		45		9.07314
116		124		-8		9.0764
-81		13		8		9.07971
-30		5		14		9.08294
-56		104		31		9.08658
-86		-115		33		9.0898
44		37		20		9.0931
-75		57		19		9.10515
-53		0		7		9.11764
261		29		10		9.1214
-71		84		18		9.12457
110		3		20		9.12781
95		-21		30		9.13108
-66		-29		41		9.13451
276		23		33		9.13798
312		72		33		9.14117
-35		-99		43		9.14432
-82		99		41		9.14753
-45		29		32		9.15081
-17		0		22		9.15406
305		65		51		9.17544
256		92		72		9.17873
-41		-127		87		9.18203
-53		124		57		9.1853
275		33		26		9.18862
288		53		64		9.19188
315		34		46		9.19524
-22		82		43		9.19875
-37		50		85		9.20196
-54		9		92		9.20531
-85		120		56		9.22064
-89		101		70		9.22399
-60		34		79		9.22731
-50		18		72		9.23054
-94		55		52		9.23386
-112		90		77		9.23724
86		-240		49		9.2404
-89		-65		62		9.24364
-60		-12		68		9.24681
-46		38		39		9.25019
67		99		68		9.25346
58		109		84		9.25695
-85		79		100		9.26028
-107		40		53		9.26359
-99		72		43		9.28513
95		-125		37		9.28839
26		-124		35		9.29169
51		60		16		9.29504
99		59		55		9.2983
74		17		18		9.30158
125		32		30		9.3051
117		88		35		9.30841
31		30		36		9.31164
48		82		31		9.31504
-127		-125		36		9.31828
83		-84		54		9.32649
16		-110		40		9.32971
87		72		24		9.33292
-127		4		34		9.33615
-73		41		5		9.33948
-30		76		-10		9.34264
82		-115		12		9.34597
113		80		-22		9.34928
100		54		-7		9.35264
-48		74		-251		9.35589
-78		101		-1		9.35907
-90		-97		22		9.36229
75		-100		-9		9.36565
95		-123		-20		9.36897
-94		44		-12		9.37234
-63		39		-14		9.37597
-90		103		-27		9.37927
90		-62		5		9.3825
110		106		33		9.40635
-117		76		-14		9.40966
-87		103		4		9.41292
-90		92		7		9.41623
-127		115		-5		9.41978
55		99		-8		9.42315
-41		115		2		9.42641
-47		-126		25		9.42961
-90		-128		36		9.43285
85		-26		41		9.43615
35		73		28		9.43945
120		95		12		9.44609
-15		7		-2		9.44929
-55		119		17		9.45259
-128		-101		82		9.4558
113		112		73		9.4591
-101		112		26		9.46242
-56		-126		45		9.46562
-72		-71		28		9.46894
99		-40		35		9.47235
64		-40		51		9.47559
111		126		40		9.4789
-82		101		67		9.48221
-40		123		15		9.48552
-52		121		31		9.48892
-101		116		28		9.49218
-109		107		56		9.49544
-78		-126		13		9.49872
-61		-92		71		9.50191
21		-89		62		9.50523
-98		-30		50		9.50856
105		-36		49		9.51183
-126		-99		67		9.51501
-104		85		36		9.51819
256		92		77		9.52142
-66		121		72		9.53528
262		-102		77		9.53846
275		-96		84		9.54162
-113		-68		44		9.54475
-105		-20		64		9.54803
-73		-86		89		9.55125
-43		97		58		9.55461
297		72		42		9.55785
291		-118		81		9.56113
279		-107		36		9.56436
-66		-125		67		9.56767
-50		125		77		9.57106
266		-111		67		9.57437
-36		-34		53		9.57795
-58		-48		71		9.58129
-95		-64		54		9.58458
-98		122		59		9.58769
-51		74		42		9.59101
260		117		53		9.59424
279		115		47		9.59752
-41		122		39		9.60505
258		-98		63		9.60828
284		-102		65		9.61153
-4		-45		69		9.61469
-81		-3		33		9.61801
107		-3		54		9.62121
-100		-124		42		9.62449
-14		97		40		9.62781
342		102		29		9.63131
265		-108		49		9.63446
-12		-112		33		9.63765
-89		104		60		9.64087
-8		-121		79		9.64408
-28		-123		66		9.64736
-67		-74		40		9.6506
-46		-41		52		9.65404
-105		-49		31		9.65729
111		123		35		9.66046
-58		67		68		9.66383
303		121		65		9.66705
5		-115		27		9.67028
-15		-114		38		9.68451
-9		-50		16		9.68786
-95		-16		0		9.69106
112		-62		31		9.69417
-106		126		52		9.69756
-84		101		39		9.70079
-31		101		-3		9.70417
-6		-97		12		9.70737
-36		-94		13		9.7106
-90		-123		24		9.7138
-86		-113		41		9.71713
278		-128		11		9.72035
262		-11		31		9.72391
-20		-19		37		9.72704
69		-43		33		9.73021
-105		-113		25		9.73361
-102		95		55		9.73673
-10		70		-1		9.74001
-15		98		16		9.74335
-31		90		14		9.7466
266		114		26		9.75498
301		-123		55		9.75822
-23		-66		36		9.76149
-99		-52		40		9.76485
-121		-80		40		9.76809
-55		78		44		9.77134
-44		95		50		9.7746
-14		60		39		9.77788
274		90		31		9.78113
-8		104		40		9.78437
-21		84		73		9.7876
-15		107		75		9.79087
288		-124		27		9.79424
-5		-86		46		9.79754
-69		-110		50		9.80086
-120		124		60		9.80429
-111		106		47		9.8074
-34		39		56		9.81074
272		48		60		9.81397
-66		74		86		9.81729
-73		66		87		9.82478
-49		76		92		9.82817
-9		60		59		9.83142
-29		-109		89		9.83476
114		-125		50		9.83811
-124		111		46		9.84128
-90		53		48		9.84466
-18		66		100		9.84791
257		51		57		9.85115
-29		110		66		9.85439
-111		68		59		9.85763
-121		63		80		9.86086
-33		40		79		9.86414
-49		64		75		9.86747
-58		101		57		9.87084
88		-94		80		9.87431
95		94		57		9.87752
-86		66		56		9.88069
-53		30		38		9.88403
268		18		32		9.88725
-25		92		48		9.89051
-109		-94		38		9.91249
121		83		94		9.91601
273		42		44		9.91933
30		65		28		9.92249
-13		126		49		9.9258
-19		78		70		9.92909
-119		69		34		9.93243
-54		100		37		9.93596
-17		60		30		9.93925
279		78		40		9.94239
-72		-91		43		9.94561
-86		-81		13		9.94883
120		81		29		9.95223
-6		100		14		9.96227
-112		69		18		9.97479
-51		-124		29		9.97811
-37		-54		10		9.98137
118		-81		19		9.98474
124		-109		6		9.98788
-97		-112		30		9.99115
296		87		17		9.99437
-23		109		-5		9.99765
-97		111		25		10.0013
110		-103		32		10.0047
-107		-122		35		10.008
-52		89		20		10.0113
327		97		40		10.0342
-123		114		22		10.0375
-70		120		45		10.0408
-110		121		54		10.0441
-60		-93		35		10.0475
14		-107		66		10.0508
-83		-28		48		10.0543
-100		-58		42		10.0575
105		-91		35		10.0608
-3		126		58		10.0721
-29		101		46		10.0847
-26		122		47		10.0882
-46		-44		41		10.0914
-93		-58		53		10.0946
-82		-117		48		10.0978
-25		84		63		10.1011
286		101		60		10.1044
-64		-125		65		10.1078
-39		123		52		10.1111
-55		-122		79		10.1144
-2		123		37		10.1218
268		-106		40		10.1251
-53		-90		59		10.1284
-111		-48		73		10.1318
-103		-117		61		10.135
271		91		54		10.1384
261		92		72		10.1421
-1		90		50		10.1454
-70		-117		83		10.1487
-107		122		88		10.1521
-27		118		85		10.1554
-21		-103		77		10.1586
327		-45		74		10.1618
-4		-28		88		10.1651
119		-84		56		10.1684
-87		75		49		10.1717
-17		83		84		10.1751
-29		49		71		10.1784
-38		122		57		10.1818
-119		-73		39		10.2031
107		-117		60		10.2065
-80		-127		73		10.2099
-35		98		37		10.2131
-41		93		35		10.2165
-38		-128		23		10.2198
-37		122		55		10.2231
-33		108		41		10.2265