 X		Y		Z		Time[us]
220		97		69		0
222		124		85		1250
222		139		75		2500
194		109		61		3750
180		99		37		5000
229		126		91		6250
216		133		88		7500
213		107		65		8750
188		140		90		10000
212		94		47		11250
221		111		53		12500
208		118		64		13750
230		115		68		15000
211		115		80		16250
256		104		53		17500
216		78		69		18750
247		132		60		20000
198		123		57		21250
207		104		65		22500
234		125		87		23750
187		133		86		25000
212		121		77		26250
217		120		86		27500
216		95		78		28750
243		126		74		30000
254		99		86		31250
195		101		92		32500
226		118		65		33750
247		108		83		35000
197		104		60		36250
224		112		70		37500
239		124		78		38750
197		112		52		40000
227		114		76		41250
190		100		66		42500
224		127		53		43750
212		109		62		45000
262		86		55		46250
250		124		66		47500
258		101		49		48750
206		123		68		50000
236		93		61		51250
199		112		92		52500
224		121		76		53750
233		105		50		55000
220		131		60		56250
221		134		63		57500
202		90		75		58750
210		106		70		60000
212		108		69		61250
227		104		70		62500
201		100		89		63750
206		103		51		65000
228		67		46		66250
206		92		48		67500
207		96		42		68750
231		132		79		70000
198		80		75		71250
214		117		66		72500
205		127		38		73750
237		82		63		75000
237		104		42		76250
243		136		80		77500
218		104		50		78750
218		94		56		80000
218		103		54		81250
253		112		81		82500
210		99		63		83750
197		106		57		85000
231		78		53		86250
219		114		86		87500
222		131		87		88750
228		118		82		90000
238		117		49		91250
230		119		82		92500
227		123		83		93750
235		127		52		95000
236		125		52		96250
211		99		81		97500
279		124		50		98750
18		105		82		100000
244		95		82		101250
209		102		48		102500
183		113		45		103750
201		109		72		105000
212		108		41		106250
233		104		75		107500
241		121		34		108750
233		83		60		110000
210		116		104		111250
238		96		45		112500
236		128		72		113750
220		110		80		115000
212		103		65		116250
227		117		61		117500
181		58		63		118750
208		126		72		120000
215		128		63		121250
201		102		54		122500
225		132		68		123750
222		138		59		125000
221		106		46		126250
197		88		86		127500
199		125		85		128750
236		103		99		130000
226		110		71		131250
290		108		88		132500
209		116		62		133750
232		116		45		135000
206		116		66		136250
248		115		58		137500
270		115		54		138750
205		101		82		140000
239		106		66		141250
269		133		90		142500
226		104		87		143750
236		117		60		145000
229		145		58		146250
239		113		93		147500
254		121		64		148750
205		118		89		150000
174		131		57		151250
212		92		86		152500
210		92		73		153750
187		135		66		155000
232		131		62		156250
217		130		63		157500
217		109		41		158750
207		98		47		160000
160		117		76		161250
192		97		36		162500
231		84		65		163750
216		96		38		165000
257		98		63		166250
209		107		44		167500
217		104		47		168750
214		93		62		170000
204		109		52		171250
206		79		64		172500
230		131		77		173750
241		119		60		175000
229		114		78		176250
215		135		85		177500
238		110		74		178750
215		115		79		180000
207		100		34		181250
237		117		55		182500
172		106		64		183750
224		109		61		185000
216		93		39		186250
192		108		67		187500
239		127		62		188750
241		97		52		190000
238		103		57		191250
216		124		69		192500
215		84		23		193750
256		110		31		195000
233		109		44		196250
219		116		60		197500
217		118		56		198750
236		111		87		200000
208		97		101		201250
250		114		69		202500
239		129		85		203750
228		104		59		205000
245		104		78		206250
221		124		87		207500
216		107		85		208750
253		131		83		210000
224		94		65		211250
217		112		85		212500
235		124		58		213750
216		115		79		215000
3		104		63		216250
255		129		78		217500
251		112		74		218750
196		115		55		220000
183		104		53		221250
215		115		76		222500
204		142		51		223750
223		107		76		225000
0		101		43		226250
236		107		63		227500
206		126		61		228750
227		130		58		230000
237		116		84		231250
213		116		49		232500
215		129		63		233750
214		95		81		235000
248		141		61		236250
244		96		42		237500
199		111		48		238750
195		119		54		240000
187		101		82		241250
184		105		91		242500
214		115		65		243750
189		117		88		245000
255		90		56		246250
232		120		62		247500
214		140		61		248750
199		114		103		250000
264		131		61		251250
245		122		81		252500
222		110		85		253750
186		95		65319		255000
214		99		62		256250
230		112		57		257500
215		90		52		258750
217		86		59		260000
245		118		69		261250
223		126		61		262500
215		93		96		263750
198		119		103		265000
161		104		52		266250
233		115		82		267500
215		109		81		268750
227		128		62		270000
226		122		63		271250
253		92		61		272500
246		85		51		273750
216		93		85		275000
213		133		80		276250
204		105		74		277500
191		118		74		278750
243		130		70		280000
196		97		53		281250
198		76		61		282500
214		116		70		283750
196		120		38		285000
219		109		59		286250
257		116		62		287500
204		117		46		288750
170		105		84		290000
206		143		70		291250
229		102		62		292500
199		104		63		293750
215		111		88		295000
187		120		68		296250
193		96		38		297500
220		109		53		298750
217		98		41		300000
248		132		77		301250
204		120		91		302500
223		104		69		303750
206		98		50		305000
247		115		71		306250
232		111		65		307500
213		116		80		308750
225		90		79		310000
208		128		76		311250
203		97		42		312500
145		126		78		313750
195		149		72		315000
223		91		73		316250
240		125		74		317500
218		111		61		318750
218		100		62		320000
222		116		63		321250
151		104		72		322500
179		110		59		323750
234		89		85		325000
199		113		48		326250
214		110		51		327500
230		130		40		328750
227		115		48		330000
240		122		42		331250
220		125		80		332500
214		108		57		333750
173		131		72		335000
218		127		78		336250
231		113		49		337500
203		119		62		338750
183		101		52		340000
203		116		81		341250
226		111		81		342500
250		111		90		343750
209		110		90		345000
231		137		36		346250
200		111		58		347500
228		106		64		348750
201		143		50		350000
221		115		58		351250
225		141		62		352500
224		101		81		353750
215		137		54		355000
228		123		51		356250
237		123		33		357500
188		97		52		358750
263		108		63		360000
221		118		64		361250
250		141		36		362500
247		115		71		363750
256		116		91		365000
211		103		75		366250
244		106		54		367500
229		107		62		368750
205		121		39		370000
220		86		58		371250
217		101		57		372500
172		141		97		373750
144		76		77		375000
259		97		80		376250
273		113		85		377500
322		130		68		378750
264		114		81		380000
227		107		53		381250
196		100		79		382500
494		107		105		383750
262		144		84		385000
21		140		70		386250
226		127		82		387500
184		117		47		388750
75		105		51		390000
152		118		60		391250
150		127		55		392500
161		108		61		393750
198		95		24		395000
155		91		70		396250
181		132		91		397500
255		76		111		398750
368		99		114		400000
329		101		72		401250
279		97		51		402500
199		116		45		403750
159		114		68		405000
185		103		47		406250
209		90		55		407500
1		139		81		408750
281		98		82		410000
288		129		55		411250
309		143		93		412500
225		128		62		413750
175		92		61		415000
180		105		57		416250
144		107		51		417500
186		125		63		418750
163		94		48		420000
225		118		69		421250
228		105		107		422500
274		119		69		423750
281		117		116		425000
285		155		103		426250
39		107		71		427500
215		104		66		428750
174		105		38		430000
186		112		68		431250
187		102		41		432500
201		117		70		433750
226		140		65		435000
199		95		75		436250
207		116		35		437500
183		133		83		438750
187		112		73		440000
172		100		41		441250
226		113		85		442500
213		106		67		443750
252		101		85		445000
275		113		54		446250
233		103		68		447500
190		125		59		448750
170		117		62		450000
168		113		49		451250
213		101		61		452500
216		96		54		453750
172		113		55		455000
222		86		81		456250
216		116		46		457500
199		115		73		458750
209		87		72		460000
210		98		86		461250
242		128		75		462500
503		126		66		463750
243		114		62		465000
244		117		53		466250
208		104		68		467500
188		113		50		468750
161		127		80		470000
249		118		74		471250
234		107		71		472500
203		89		81		473750
227		106		91		475000
270		111		79		476250
228		113		75		477500
187		70		48		478750
227		128		39		480000
187		140		80		481250
213		122		66		482500
258		122		56		483750
239		93		56		485000
239		99		80		486250
218		117		66		487500
203		120		72		488750
192		104		74		490000
174		113		57		491250
177		109		53		492500
187		124		65		493750
206		95		57		495000
223		128		101		496250
256		124		83		497500
211		125		78		498750
243		103		81		500000
8		102		85		501250
259		117		55		502500
209		122		74		503750
204		107		66		505000
206		109		51		506250
199		106		52		507500
204		101		64		508750
224		114		86		510000
25		122		28		511250
196		129		50		512500
255		125		76		513750
202		97		51		515000
211		113		63		516250
182		137		78		517500
218		118		68		518750
222		97		81		520000
241		114		69		521250
233		111		99		522500
175		114		117		523750
203		138		76		525000
198		113		68		526250
195		107		73		527500
207		106		55		528750
212		117		69		530000
209		104		58		531250
232		108		69		532500
198		106		52		533750
252		139		75		535000
195		112		55		536250
195		100		49		537500
194		133		50		538750
213		114		44		540000
242		104		67		541250
235		118		80		542500
228		112		64		543750
217		115		70		545000
234		112		81		546250
244		128		69		547500
234		116		91		548750
221		115		71		550000
199		112		70		551250
196		113		75		552500
191		127		48		553750
137		116		85		555000
167		122		78		556250
151		87		59		557500
245		102		73		558750
308		108		94		560000
316		113		114		561250
322		126		95		562500
371		112		72		563750
235		101		65		565000
202		98		59		566250
245		113		32		567500
115		106		73		568750
214		136		65		570000
253		133		104		571250
235		112		108		572500
214		114		83		573750
210		93		70		575000
197		123		64		576250
118		100		50		577500
156		115		60		578750
176		108		115		580000
424		132		75		581250
342		99		130		582500
323		111		113		583750
14		92		64		585000
215		118		48		586250
165		123		33		587500
61		168		34		588750
92		110		40		590000
105		114		83		591250
2		114		93		592500
207		132		81		593750
190		123		68		595000
144		126		52		596250
172		77		69		597500
175		86		60		598750
228		90		68		600000
266		105		65		601250
212		103		58		602500
180		102		73		603750
81		100		59		605000
100		110		40		606250
128		119		34		607500
162		126		69		608750
175		123		76		610000
199		108		67		611250
261		107		67		612500
2		97		103		613750
271		119		76		615000
1		120		86		616250
189		99		34		617500
211		91		72		618750
291		111		75		620000
253		138		72		621250
233		122		73		622500
267		108		40		623750
207		110		87		625000
200		129		108		626250
224		105		51		627500
178		104		76		628750
182		91		69		630000
169		121		61		631250
141		116		59		632500
165		91		51		633750
185		124		75		635000
202		145		54		636250
244		115		95		637500
265		116		78		638750
7		94		72		640000
241		98		68		641250
305		131		59		642500
235		109		94		643750
248		147		49		645000
258		136		65		646250
235		101		59		647500
189		67		46		648750
187		136		35		650000
204		124		54		651250
179		148		69		652500
168		103		73		653750
213		131		70		655000
195		140		77		656250
240		95		59		657500
173		116		53		658750
175		117		74		660000
205		72		73		661250
213		126		68		662500
266		125		81		663750
301		170		58		665000
247		124		84		666250
275		114		60		667500
20		123		98		668750
240		116		75		670000
240		97		89		671250
229		105		63		672500
287		102		62		673750
242		119		113		675000
238		113		52		676250
208		117		77		677500
137		84		66		678750
111		117		28		680000
150		126		55		681250
161		117		36		682500
161		108		47		683750
138		101		86		685000
179		104		90		686250
499		138		97		687500
312		96		108		688750
10		122		71		690000
144		105		66		691250
120		131		43		692500
180		131		45		693750
187		115		66		695000
176		131		61		696250
206		114		53		697500
192		111		81		698750
225		125		86		700000
161		127		80		701250
209		119		80		702500
208		100		73		703750
260		103		87		705000
8		109		96		706250
250		93		73		707500
276		122		92		708750
231		128		76		710000
200		98		46		711250
130		67		75		712500
178		124		64		713750
167		115		58		715000
172		114		32		716250
194		100		67		717500
194		77		54		718750
194		103		42		720000
156		121		54		721250
225		101		49		722500
251		126		93		723750
507		116		83		725000
256		128		74		726250
22		108		54		727500
219		117		52		728750
240		109		47		730000
234		102		32		731250
155		112		42		732500
168		93		41		733750
174		110		55		735000
162		121		54		736250
171		110		55		737500
211		96		48		738750
255		110		53		740000
220		100		55		741250
216		76		79		742500
253		127		86		743750
235		98		81		745000
260		118		96		746250
267		120		63		747500
300		119		86		748750
269		100		98		750000
2		83		65		751250
281		109		35		752500
245		107		46		753750
176		115		42		755000
211		104		56		756250
195		107		60		757500
214		113		55		758750
163		120		51		760000
237		97		39		761250
235		135		81		762500
246		130		87		763750
220		126		57		765000
257		104		56		766250
192		136		54		767500
195		104		55		768750
172		129		65		770000
168		125		57		771250
150		115		54		772500
216		137		85		773750
190		128		63		775000
221		112		88		776250
244		112		70		777500
256		100		56		778750
196		130		69		780000
265		115		79		781250
216		129		100		782500
246		104		49		783750
199		111		70		785000
187		102		58		786250
222		95		46		787500
220		122		71		788750
175		94		46		790000
167		126		64		791250
160		94		104		792500
207		105		54		793750
205		114		64		795000
160		138		92		796250
223		134		61		797500
220		96		58		798750
271		96		72		800000
254		150		61		801250
10		104		80		802500
223		90		57		803750
228		126		104		805000
235		107		87		806250
198		109		46		807500
191		98		84		808750
230		111		62		810000
210		124		72		811250
199		94		74		812500
218		120		66		813750
214		83		40		815000
171		101		80		816250
167		113		60		817500
195		102		82		818750
511		123		72		820000
265		122		99		821250
233		116		90		822500
161		107		71		823750
217		115		46		825000
231		123		77		826250
187		120		61		827500
155		90		63		828750
224		127		69		830000
177		83		72		831250
246		103		62		832500
199		111		91		833750
198		107		68		835000
222		148		53		836250
228		109		66		837500
245		128		43		838750
225		99		88		840000
229		137		64		841250
198		139		63		842500
375		932		64843		843750
64335		65502		21		845000
39665		21566		13725		846250
12420		24901		7474		847500
33115		18450		4413		848750
65017		20494		2360		850000
45224		13350		1131		851250
49934		5153		2800		852500
56740		5075		5583		853750
63499		7121		9743		855000
13491		8585		11567		856250
16722		6548		13412		857500
14521		5744		13103		858750
19499		7860		11996		860000
11853		9426		9131		861250
5361		8402		6269		862500
3157		7468		2565		863750
61276		8522		622		865000
57699		7077		64232		866250
59540		5257		63455		867500
58585		4168		63514		868750
63045		3343		64370		870000
978		1761		65400		871250
3585		14		640		872500
7256		65133		1281		873750
6761		64170		1562		875000
7957		63346		1239		876250
4844		62066		178		877500
3978		61373		63829		878750
63685		60766		62600		880000
63818		60314		61652		881250
60752		59916		61100		882500
61671		59974		61000		883750
61126		60111		61073		885000
61481		60576		61670		886250
64714		60862		62221		887500
437		61488		63145		888750
1549		61623		63932		890000
2737		61325		64182		891250
214		62001		62865		892500
61717		61967		62425		893750
62880		62200		62336		895000
63198		62436		62593		896250
62691		62549		63230		897500
63443		62477		63554		898750
535		63179		64139		900000
64502		63627		64745		901250
1091		63656		64835		902500
1814		64173		65036		903750
789		64886		65263		905000
65520		65163		65280		906250
64432		83		65228		907500
64253		65487		65217		908750
63693		1		65139		910000
63794		58		65158		911250
64586		186		65294		912500
65220		216		65435		913750
58		96		125		915000
524		55		270		916250
837		119		359		917500
1204		165		346		918750
1252		148		291		920000
899		109		10		921250
298		128		123		922500
161		112		65521		923750
65323		122		65440		925000
65186		127		65414		926250
65176		163		65441		927500
65250		114		65466		928750
65417		107		19		930000
205		136		74		931250
383		134		136		932500
551		108		158		933750
637		124		193		935000
598		101		155		936250
513		98		129		937500
374		109		73		938750
143		96		18		940000
77		87		65517		941250
65510		102		65526		942500
243		132		63		943750
259		98		81		945000
351		121		96		946250
410		120		128		947500
381		120		123		948750
422		121		87		950000
312		134		89		951250
22		115		28		952500
209		137		54		953750
112		109		52		955000
194		132		49		956250
177		140		76		957500
154		144		42		958750
168		120		67		960000
245		124		79		961250
276		119		70		962500
353		119		68		963750
291		128		105		965000
272		112		88		966250
287		109		82		967500
263		127		50		968750
237		114		61		970000
198		111		57		971250
236		119		44		972500
198		123		52		973750
228		128		104		975000
204		67		62		976250
260		139		48		977500
280		124		87		978750
279		110		91		980000
271		113		80		981250
283		117		66		982500
256		103		67		983750
254		94		70		985000
227		104		46		986250
235		120		55		987500
196		102		58		988750
229		106		52		990000
247		121		76		991250
201		105		58		992500
241		161		91		993750
267		136		47		995000
0		128		74		996250
238		104		65		997500
220		120		72		998750
199		121		50		1000000
262		114		76		1001250
261		98		74		1002500
235		97		67		1003750
257		112		40		1005000
223		124		52		1006250
505		109		68		1007500
268		113		84		1008750
243		122		76		1010000
246		116		81		1011250
265		96		71		1012500
234		91		80		1013750
257		113		79		1015000
225		113		71		1016250
239		114		69		1017500
236		123		67		1018750
203		132		84		1020000
500		142		90		1021250
260		123		56		1022500
255		119		77		1023750
201		93		62		1025000
226		111		58		1026250
236		106		81		1027500
279		95		76		1028750
259		98		91		1030000
232		113		68		1031250
261		114		64		1032500
244		105		58		1033750
228		136		41		1035000
272		116		76		1036250
232		127		56		1037500
262		111		58		1038750
266		119		51		1040000
208		110		63		1041250
235		93		51		1042500
216		123		58		1043750
263		138		78		1045000
249		135		79		1046250
221		105		71		1047500
245		111		50		1048750
261		138		63		1050000
266		137		54		1051250
260		140		78		1052500
251		112		74		1053750
248		122		79		1055000
227		114		70		1056250
248		101		46		1057500
228		127		87		1058750
238		125		37		1060000
210		123		58		1061250
235		124		50		1062500
216		118		85		1063750
176		122		77		1065000
206		111		80		1066250
236		119		82		1067500
238		104		69		1068750
216		120		62		1070000
200		96		63		1071250
224		130		69		1072500
278		121		71		1073750
238		118		23		1075000
228		111		90		1076250
227		132		85		1077500
253		119		76		1078750
263		105		58		1080000
211		110		71		1081250
209		92		80		1082500
287		119		51		1083750
242		105		56		1085000
212		97		39		1086250
206		111		77		1087500
252		116		70		1088750
219		124		77		1090000
242		130		59		1091250
5		142		48		1092500
258		128		48		1093750
247		140		45		1095000
231		104		61		1096250
244		137		53		1097500
227		111		77		1098750
505		121		80		1100000
278		116		61		1101250
8		91		48		1102500
213		128		41		1103750
220		125		76		1105000
208		124		62		1106250
208		121		79		1107500
207		138		57		1108750
221		118		31		1110000
270		117		61		1111250
214		126		67		1112500
240		116		78		1113750
230		120		60		1115000
222		106		81		1116250
6		97		59		1117500
228		128		69		1118750
237		122		90		1120000
204		105		64		1121250
162		108		77		1122500
225		96		71		1123750
236		115		53		1125000
246		116		57		1126250
232		112		81		1127500
226		89		73		1128750
2		127		67		1130000
233		103		67		1131250
237		108		92		1132500
235		115		77		1133750
0		119		48		1135000
192		111		47		1136250
211		117		79		1137500
227		106		74		1138750
234		101		84		1140000
235		125		85		1141250
223		128		69		1142500
231		123		65		1143750
239		124		55		1145000
245		114		86		1146250
240		102		53		1147500
255		107		49		1148750
218		109		68		1150000
249		131		60		1151250
229		126		69		1152500
252		134		50		1153750
234		110		68		1155000
196		101		69		1156250
225		103		61		1157500
240		116		44		1158750
239		120		64		1160000
235		139		39		1161250
229		71		48		1162500
235		156		79		1163750
244		150		51		1165000
222		117		47		1166250
278		127		52		1167500
233		107		57		1168750
232		128		90		1170000
181		116		82		1171250
236		106		81		1172500
215		123		76		1173750
251		104		81		1175000
240		129		74		1176250
247		112		68		1177500
246		106		46		1178750
237		98		57		1180000
252		149		64		1181250
225		103		68		1182500
212		141		69		1183750
251		139		62		1185000
259		121		77		1186250
212		107		60		1187500
247		139		71		1188750
249		104		67		1190000
230		113		80		1191250
238		118		74		1192500
252		133		80		1193750
201		123		67		1195000
229		120		47		1196250
223		119		72		1197500
231		113		66		1198750
241		140		60		1200000
234		110		70		1201250
248		112		71		1202500
209		116		63		1203750
245		111		63		1205000
240		120		78		1206250
224		124		47		1207500
247		137		62		1208750
198		96		67		1210000
221		97		61		1211250
244		121		51		1212500
214		97		87		1213750
230		131		69		1215000
231		135		70		1216250
248		87		93		1217500
216		103		89		1218750
203		112		85		1220000
209		95		64		1221250
224		106		62		1222500
255		96		59		1223750
232		124		68		1225000
253		95		47		1226250
218		133		67		1227500
225		124		63		1228750
191		86		45		1230000
212		99		62		1231250
236		96		78		1232500
224		107		68		1233750
217		97		77		1235000
256		96		72		1236250
272		130		52		1237500
226		113		58		1238750
208		111		47		1240000
233		127		55		1241250
242		117		48		1242500
210		107		58		1243750
201		113		67		1245000
225		120		65		1246250
206		114		74		1247500
216		93		52		1248750
257		113		58		1250000
222		99		79		1251250
217		113		58		1252500
218		99		63		1253750
242		139		64		1255000
241		111		94		1256250
217		142		74		1257500
234		107		69		1258750
214		105		78		1260000
227		113		62		1261250
242		122		55		1262500
221		113		74		1263750
232		103		45		1265000
279		103		48		1266250
236		121		70		1267500
246		137		58		1268750
218		107		88		1270000
213		129		71		1271250
213		105		70		1272500
218		97		82		1273750
223		106		56		1275000
252		120		64		1276250
238		113		66		1277500
199		150		71		1278750
177		117		58		1280000
214		111		62		1281250
194		107		68		1282500
235		94		83		1283750
219		110		81		1285000
233		118		59		1286250
240		118		88		1287500
230		115		44		1288750
254		124		37		1290000
225		150		66		1291250
251		110		61		1292500
205		105		74		1293750
206		111		56		1295000
249		113		74		1296250
237		114		68		1297500
206		125		59		1298750
242		74		60		1300000
221		92		79		1301250
198		123		75		1302500
204		106		56		1303750
241		141		55		1305000
235		113		85		1306250
202		141		69		1307500
234		134		70		1308750
269		125		63		1310000
224		88		73		1311250
159		100		69		1312500
217		124		78		1313750
197		115		72		1315000
236		116		58		1316250
225		107		57		1317500
215		138		47		1318750
183		115		86		1320000
187		100		81		1321250
214		137		39		1322500
190		119		55		1323750
226		103		64		1325000
244		140		65		1326250
181		103		70		1327500
208		109		53		1328750
218		112		57		1330000
263		103		63		1331250
232		115		50		1332500
261		127		54		1333750
209		134		71		1335000
238		133		54		1336250
254		128		75		1337500
199		108		49		1338750
197		101		64		1340000
191		124		72		1341250
201		125		45		1342500
225		135		72		1343750
228		93		106		1345000
211		100		87		1346250
232		130		88		1347500
237		125		84		1348750
219		114		83		1350000
247		131		59		1351250
233		110		69		1352500
220		139		75		1353750
243		115		72		1355000
190		126		80		1356250
205		99		76		1357500
199		98		57		1358750
221		125		72		1360000
234		151		84		1361250
199		84		58		1362500
222		137		85		1363750
229		126		94		1365000
240		115		49		1366250
225		125		43		1367500
497		142		93		1368750
203		126		69		1370000
219		143		76		1371250
205		114		82		1372500
234		118		53		1373750
241		120		79		1375000
240		133		67		1376250
228		150		53		1377500
255		103		62		1378750
220		107		49		1380000
250		116		73		1381250
204		75		67		1382500
246		138		48		1383750
210		102		75		1385000
228		110		83		1386250
217		90		79		1387500
166		91		56		1388750
207		129		76		1390000
239		110		67		1391250
208		101		56		1392500
235		125		51		1393750
223		115		52		1395000
228		111		75		1396250
232		106		80		1397500
178		98		37		1398750
205		117		64		1400000
204		101		58		1401250
174		122		83		1402500
199		95		86		1403750
185		106		71		1405000
194		103		79		1406250
233		103		53		1407500
11		110		76		1408750
198		121		100		1410000
215		124		81		1411250
211		142		68		1412500
225		91		40		1413750
250		123		74		1415000
207		103		82		1416250
220		112		84		1417500
255		117		56		1418750
248		138		75		1420000
220		114		80		1421250
231		121		79		1422500
210		105		85		1423750
188		110		69		1425000
214		129		51		1426250
223		126		66		1427500
7		118		80		1428750
225		92		63		1430000
234		110		55		1431250
241		129		71		1432500
235		109		89		1433750
246		124		63		1435000
221		119		76		1436250
205		114		62		1437500
221		123		88		1438750
224		115		65		1440000
234		125		41		1441250
196		79		43		1442500
198		115		64		1443750
226		116		65		1445000
207		102		76		1446250
230		106		82		1447500
233		112		91		1448750
217		106		63		1450000
245		95		73		1451250
195		117		61		1452500
246		104		96		1453750
256		138		63		1455000
221		137		71		1456250
205		108		67		1457500
208		121		71		1458750
225		118		73		1460000
214		122		78		1461250
255		132		54		1462500
232		112		70		1463750
214		96		64		1465000
234		92		77		1466250
233		103		66		1467500
237		105		53		1468750
255		112		86		1470000
197		92		43		1471250
224		102		40		1472500
165		111		50		1473750
197		139		53		1475000
229		126		65		1476250
231		118		70		1477500
214		111		72		1478750
221		93		62		1480000
191		94		60		1481250
238		127		43		1482500
5		125		76		1483750
216		103		65		1485000
241		148		79		1486250
216		121		82		1487500
231		139		80		1488750
231		112		58		1490000
243		119		94		1491250
227		105		50		1492500
247		101		70		1493750
208		108		42		1495000
251		114		61		1496250
210		111		64		1497500
196		132		79		1498750
245		119		59		1500000
203		89		66		1501250
219		123		58		1502500
249		129		59		1503750
219		130		47		1505000
233		100		55		1506250
237		114		33		1507500
225		127		72		1508750
269		151		56		1510000
266		136		91		1511250
223		134		56		1512500
207		52		64823		1513750
32732		33755		54590		1515000
34839		32832		52794		1516250
36197		47724		52453		1517500
86		45141		60420		1518750
271		63331		58422		1520000
63442		1529		56801		1521250
50785		4631		55538		1522500
48940		2161		53099		1523750
45041		62888		52007		1525000
45118		61066		52535		1526250
47138		60222		53708		1527500
50444		58712		56270		1528750
9723		60486		3339		1530000
6763		61828		2536		1531250
64105		63304		889		1532500
60067		64702		63937		1533750
56124		404		62402		1535000
54935		748		62107		1536250
54788		237		62749		1537500
64854		845		2942		1538750
3839		42		2492		1540000
1478		65480		1241		1541250
2802		382		170		1542500
184		634		64817		1543750
63333		247		64702		1545000
62557		65376		64848		1546250
62301		65464		65047		1547500
64020		134		65317		1548750
98		265		146		1550000
1148		17		382		1551250
1557		106		552		1552500
1675		31		576		1553750
1511		121		392		1555000
1074		153		231		1556250
545		185		65522		1557500
65075		97		65366		1558750
64510		66		65286		1560000
64274		90		65257		1561250
64433		113		65319		1562500
64850		141		65416		1563750
65527		105		34		1565000
196		111		172		1566250
579		131		230		1567500
761		129		239		1568750
763		149		234		1570000
563		136		172		1571250
347		119		73		1572500
65520		110		65527		1573750
65033		123		65477		1575000
65150		112		65453		1576250
65135		90		65473		1577500
65228		121		65521		1578750
65435		111		44		1580000
94		112		69		1581250
271		137		140		1582500
362		106		163		1583750
334		107		129		1585000
318		126		96		1586250
208		120		68		1587500
84		117		26		1588750
65464		113		65285		1590000
65429		68		5		1591250
65466		118		65523		1592500
65281		145		9		1593750
72		128		26		1595000
162		123		68		1596250
219		131		78		1597500
197		105		76		1598750
260		103		78		1600000
211		118		75		1601250
147		102		28		1602500
72		93		38		1603750
66		115		53		1605000
26		97		19		1606250
66		100		32		1607500
199		110		51		1608750
181		111		70		1610000
182		98		89		1611250
144		119		47		1612500
143		121		54		1613750
160		98		49		1615000
131		117		46		1616250
120		114		31		1617500
130		130		44		1618750
143		77		65		1620000
163		113		70		1621250
183		99		63		1622500
155		114		71		1623750
171		102		50		1625000
152		121		72		1626250
141		131		73		1627500
171		129		56		1628750
139		136		77		1630000
159		80		48		1631250
154		142		67		1632500
203		135		84		1633750
204		96		55		1635000
164		106		48		1636250
192		112		75		1637500
159		141		79		1638750
163		117		45		1640000
161		102		69		1641250
121		99		62		1642500
144		137		75		1643750
192		126		74		1645000
188		115		94		1646250
165		123		60		1647500
193		103		53		1648750
156		109		70		1650000
173		130		47		1651250
190		113		74		1652500
164		109		79		1653750
180		113		58		1655000
192		97		79		1656250
162		86		43		1657500
188		113		92		1658750
141		125		40		1660000
200		131		63		1661250
174		102		74		1662500
211		128		68		1663750
161		98		78		1665000
163		101		62		1666250
185		116		50		1667500
188		128		65		1668750
189		107		60		1670000
182		107		87		1671250
162		105		69		1672500
143		105		55		1673750
177		119		76		1675000
205		132		50		1676250
169		114		47		1677500
200		116		34		1678750
176		117		78		1680000
160		100		55		1681250
148		118		71		1682500
159		130		56		1683750
176		117		71		1685000
208		101		69		1686250
202		129		76		1687500
164		125		53		1688750
202		116		92		1690000
171		113		76		1691250
181		131		63		1692500
202		119		47		1693750
189		121		58		1695000
186		114		55		1696250
204		111		58		1697500
181		109		81		1698750
224		119		66		1700000
176		124		78		1701250
170		131		73		1702500
203		134		58		1703750
211		92		87		1705000
215		130		68		1706250
182		118		72		1707500
166		122		77		1708750
218		107		62		1710000
234		117		66		1711250
212		101		73		1712500
206		106		67		1713750
186		129		57		1715000
187		127		54		1716250
199		100		55		1717500
180		135		47		1718750
219		124		68		1720000
183		119		40		1721250
172		121		62		1722500
206		134		47		1723750
167		111		69		1725000
201		117		72		1726250
172		134		54		1727500
208		120		49		1728750
165		95		65		1730000
165		104		50		1731250
206		99		66		1732500
192		104		43		1733750
177		117		76		1735000
176		107		74		1736250
194		128		73		1737500
156		93		60		1738750
160		100		60		1740000
176		122		82		1741250
183		117		67		1742500
199		103		40		1743750
224		111		79		1745000
206		115		83		1746250
202		104		60		1747500
174		114		65		1748750
162		93		60		1750000
165		120		57		1751250
150		108		74		1752500
210		72		50		1753750
206		96		70		1755000
207		115		71		1756250
189		101		55		1757500
214		85		53		1758750
186		116		60		1760000
184		105		66		1761250
199		112		50		1762500
196		93		39		1763750
177		97		15		1765000
191		101		68		1766250
154		97		45		1767500
241		122		53		1768750
205		123		83		1770000
188		114		64		1771250
201		157		57		1772500
207		123		42		1773750
200		130		64		1775000
255		104		60		1776250
195		129		60		1777500
213		123		59		1778750
198		119		94		1780000
179		108		44		1781250
151		113		80		1782500
218		118		71		1783750
202		82		43		1785000
220		138		54		1786250
193		131		51		1787500
195		112		66		1788750
187		108		80		1790000
189		120		64		1791250
226		102		55		1792500
228		100		62		1793750
209		96		33		1795000
192		108		64		1796250
234		108		57		1797500
200		98		69		1798750
207		119		56		1800000
195		120		67		1801250
254		109		59		1802500
201		126		49		1803750
222		131		63		1805000
191		126		80		1806250
181		87		65		1807500
194		93		60		1808750
191		83		53		1810000
223		112		76		1811250
206		103		55		1812500
218		126		61		1813750
180		102		56		1815000
229		123		60		1816250
215		112		77		1817500
198		103		57		1818750
228		102		80		1820000
211		124		59		1821250
188		136		40		1822500
216		101		65		1823750
190		102		87		1825000
203		116		87		1826250
204		124		87		1827500
168		118		70		1828750
213		101		73		1830000
193		84		76		1831250
194		80		38		1832500
199		110		48		1833750
188		117		60		1835000
221		112		84		1836250
201		116		66		1837500
220		126		60		1838750
226		112		62		1840000
198		115		81		1841250
208		96		50		1842500
193		124		59		1843750
173		112		53		1845000
183		127		48		1846250
175		110		96		1847500
183		101		69		1848750
195		108		64		1850000
208		110		56		1851250
212		135		70		1852500
235		155		70		1853750
172		126		44		1855000
184		100		54		1856250
155		94		73		1857500
213		108		74		1858750
204		130		70		1860000
183		103		56		1861250
235		98		49		1862500
227		84		52		1863750
204		138		78		1865000
191		176		75		1866250
208		116		81		1867500
226		113		52		1868750
181		109		67		1870000
230		109		73		1871250
250		98		57		1872500
225		130		56		1873750
225		105		45		1875000
206		95		83		1876250
226		111		94		1877500
203		101		57		1878750
180		112		89		1880000
179		92		76		1881250
164		126		68		1882500
177		128		71		1883750
203		127		60		1885000
203		104		55		1886250
211		125		75		1887500
215		136		78		1888750
215		112		82		1890000
188		111		75		1891250
186		100		61		1892500
244		130		61		1893750
188		126		80		1895000
205		120		62		1896250
198		108		86		1897500
196		126		68		1898750
233		96		60		1900000
198		107		84		1901250
208		117		50		1902500
243		106		78		1903750
198		121		72		1905000
189		102		88		1906250
195		122		74		1907500
207		139		34		1908750
206		124		73		1910000
188		106		39		1911250
235		107		92		1912500
217		123		62		1913750
176		92		85		1915000
203		99		63		1916250
232		107		65		1917500
234		109		70		1918750
225		115		72		1920000
206		123		56		1921250
220		118		56		1922500
180		125		66		1923750
158		109		86		1925000
199		126		98		1926250
199		119		77		1927500
183		112		68		1928750
229		114		68		1930000
214		126		74		1931250
183		95		50		1932500
169		93		62		1933750
201		128		63		1935000
249		134		87		1936250
224		127		62		1937500
195		113		65		1938750
213		117		35		1940000
182		117		85		1941250
196		112		59		1942500
206		107		61		1943750
164		96		86		1945000
189		94		87		1946250
135		68		69		1947500
150		95		72		1948750
210		117		65		1950000
164		94		96		1951250
170		72		59		1952500
223		131		62		1953750
228		135		84		1955000
185		92		84		1956250
172		123		86		1957500
227		137		75		1958750
204		94		86		1960000
236		102		89		1961250
180		88		61		1962500
199		110		45		1963750
200		125		49		1965000
226		114		71		1966250
191		126		102		1967500
205		100		54		1968750
200		105		60		1970000
205		126		68		1971250
196		129		82		1972500
198		114		73		1973750
219		126		82		1975000
192		115		79		1976250
165		101		61		1977500
218		143		62		1978750
204		129		89		1980000
216		122		92		1981250
228		137		47		1982500
220		108		56		1983750
236		120		70		1985000
228		87		76		1986250
191		103		49		1987500
211		100		58		1988750
218		107		64		1990000
190		120		69		1991250
212		120		73		1992500
203		148		97		1993750
188		121		88		1995000
196		111		76		1996250
168		129		77		1997500
237		128		56		1998750
218		110		71		2000000
172		131		52		2001250
217		115		46		2002500
238		114		64		2003750
220		109		51		2005000
209		118		66		2006250
219		131		56		2007500
211		94		56		2008750
213		84		75		2010000
225		102		49		2011250
222		131		82		2012500
195		127		80		2013750
201		120		59		2015000
210		117		67		2016250
209		116		91		2017500
211		140		66		2018750
214		114		62		2020000
188		119		75		2021250
186		101		66		2022500
199		96		63		2023750
200		97		83		2025000
35896		12994		2402		2026250
41271		27590		65393		2027500
21235		32764		63776		2028750
45447		32764		60965		2030000
33075		32760		59538		2031250
51807		25308		50245		2032500
32948		15043		41916		2033750
52747		22071		40728		2035000
56015		28629		42327		2036250
44063		12179		48725		2037500
55469		6136		58914		2038750
63531		3064		553		2040000
2601		444		5729		2041250
639		63707		7484		2042500
1476		61260		7472		2043750
7816		55866		6443		2045000
8107		54672		5145		2046250
64059		53004		4767		2047500
1226		52119		6053		2048750
14098		50560		9601		2050000
19386		47496		11834		2051250
13194		45352		13009		2052500
32194		44432		13980		2053750
31628		45800		13632		2055000
20308		49060		12977		2056250
24387		49860		12455		2057500
24400		53408		10568		2058750
7818		60291		6853		2060000
3106		64960		3939		2061250
62141		3473		1995		2062500
60177		5988		739		2063750
60466		9851		383		2065000
62566		11703		1389		2066250
63742		11783		2364		2067500
65298		10693		3315		2068750
1714		9507		3544		2070000
1617		7794		3090		2071250
2843		4730		1912		2072500
1967		2174		663		2073750
1694		217		65476		2075000
6517		308		90		2076250
2564		65140		375		2077500
4498		63798		895		2078750
2688		63764		865		2080000
3273		65183		757		2081250
3206		65422		474		2082500
2100		65463		184		2083750
440		65525		65320		2085000
64779		65506		65318		2086250
64989		11		65216		2087500
65073		173		65239		2088750
65244		220		65297		2090000
160		74		65510		2091250
296		75		103		2092500
641		70		265		2093750
1320		120		330		2095000
1782		147		344		2096250
1487		117		350		2097500
1245		89		292		2098750
864		122		65492		2100000
65488		110		65471		2101250
69		111		16		2102500
456		108		59		2103750
477		104		143		2105000
643		81		171		2106250
742		103		203		2107500
775		105		190		2108750
757		101		164		2110000
650		90		154		2111250
268		121		122		2112500
392		115		41		2113750
266		103		39		2115000
246		123		31		2116250
215		115		43		2117500
502		98		81		2118750
338		103		73		2120000
452		91		137		2121250
487		105		112		2122500
274		94		130		2123750
469		86		156		2125000
433		114		94		2126250
359		97		65		2127500
379		136		47		2128750
285		115		58		2130000
275		116		54		2131250
337		106		42		2132500
314		113		58		2133750
333		103		43		2135000
364		117		86		2136250
341		95		93		2137500
416		120		112		2138750
361		113		90		2140000
383		126		86		2141250
366		135		118		2142500
340		131		79		2143750
340		84		48		2145000
271		101		73		2146250
281		86		80		2147500
291		113		67		2148750
272		67		69		2150000
323		121		99		2151250
401		86		78		2152500
356		127		67		2153750
337		94		70		2155000
325		104		61		2156250
306		116		57		2157500
289		126		91		2158750
275		132		79		2160000
289		127		103		2161250
308		129		62		2162500
304		110		81		2163750
282		133		62		2165000
305		100		83		2166250
279		125		72		2167500
330		136		73		2168750
323		97		83		2170000
346		131		80		2171250
297		119		80		2172500
263		97		80		2173750
283		83		78		2175000
263		111		85		2176250
307		152		75		2177500
267		133		72		2178750
258		89		100		2180000
271		110		76		2181250
309		109		77		2182500
326		97		91		2183750
286		118		82		2185000
301		130		76		2186250
291		120		70		2187500
286		88		88		2188750
241		58		80		2190000
273		107		70		2191250
274		144		47		2192500
307		100		72		2193750
281		104		50		2195000
314		142		83		2196250
241		118		63		2197500
277		74		42		2198750
300		118		54		2200000
260		129		60		2201250
247		96		85		2202500
263		92		77		2203750
359		126		81		2205000
311		140		67		2206250
253		85		45		2207500
208		78		66		2208750
230		99		70		2210000
287		135		56		2211250
257		105		27		2212500
273		125		75		2213750
275		107		74		2215000
272		137		77		2216250
253		106		96		2217500
272		84		118		2218750
261		110		95		2220000
285		137		114		2221250
252		124		55		2222500
245		110		63		2223750
36		94		60		2225000
222		96		37		2226250
186		104		73		2227500
262		125		40		2228750
305		120		54		2230000
259		131		71		2231250
500		129		85		2232500
262		123		64		2233750
226		126		102		2235000
278		94		64		2236250
294		143		71		2237500
240		111		64		2238750
241		123		75		2240000
218		123		65		2241250
282		111		57		2242500
277		117		53		2243750
234		95		65		2245000
238		130		78		2246250
199		98		89		2247500
250		118		72		2248750
248		117		77		2250000
301		123		41		2251250
500		127		61		2252500
212		119		67		2253750
231		112		49		2255000
215		114		74		2256250
266		142		56		2257500
255		111		60		2258750
242		107		83		2260000
243		105		62		2261250
263		127		58		2262500
255		134		56		2263750
271		113		96		2265000
272		120		67		2266250
252		133		65		2267500
218		134		57		2268750
220		119		60		2270000
246		124		55		2271250
231		105		48		2272500
232		106		74		2273750
223		135		73		2275000
288		143		71		2276250
263		112		72		2277500
275		109		75		2278750
225		106		89		2280000
229		126		85		2281250
238		122		70		2282500
252		104		41		2283750
225		126		71		2285000
271		97		57		2286250
258		137		45		2287500
255		124		83		2288750
288		132		70		2290000
234		107		67		2291250
237		109		74		2292500
233		125		64		2293750
250		111		51		2295000
212		111		72		2296250
234		132		71		2297500
235		134		51		2298750
227		90		75		2300000
507		112		58		2301250
226		118		85		2302500
209		109		41		2303750
4		121		39		2305000
255		132		74		2306250
256		124		58		2307500
159		89		106		2308750
204		101		73		2310000
237		113		44		2311250
253		137		65		2312500
216		93		67		2313750
222		104		55		2315000
4		123		85		2316250
282		138		43		2317500
258		121		56		2318750
227		118		83		2320000
283		119		37		2321250
226		120		57		2322500
226		118		92		2323750
252		108		72		2325000
223		116		68		2326250
254		94		74		2327500
258		107		72		2328750
235		127		75		2330000
232		109		46		2331250
253		116		81		2332500
0		119		51		2333750
231		121		47		2335000
224		139		95		2336250
219		120		83		2337500
230		68		66		2338750
256		126		76		2340000
227		135		77		2341250
261		128		55		2342500
229		106		77		2343750
239		118		35		2345000
235		98		58		2346250
236		130		61		2347500
225		110		67		2348750
209		99		47		2350000
244		92		83		2351250
226		104		35		2352500
250		132		80		2353750
196		100		70		2355000
206		103		87		2356250
210		97		91		2357500
221		135		72		2358750
245		118		62		2360000
189		111		46		2361250
231		127		50		2362500
234		117		55		2363750
240		94		75		2365000
241		128		70		2366250
231		114		62		2367500
245		132		52		2368750
233		120		71		2370000
220		112		47		2371250
243		110		76		2372500
237		115		82		2373750
210		114		71		2375000
211		143		89		2376250
263		138		81		2377500
260		139		79		2378750
511		139		61		2380000
238		121		67		2381250
248		125		74		2382500
237		117		92		2383750
214		106		81		2385000
241		126		85		2386250
230		118		44		2387500
231		102		67		2388750
263		122		70		2390000
240		106		62		2391250
238		122		72		2392500
232		130		61		2393750
217		120		48		2395000
237		141		76		2396250
240		110		68		2397500
252		115		85		2398750
211		117		71		2400000
220		127		58		2401250
207		160		60		2402500
257		136		65		2403750
248		127		69		2405000
242		91		47		2406250
239		100		63		2407500
233		86		61		2408750
246		115		70		2410000
201		115		49		2411250
211		93		68		2412500
238		122		52		2413750
208		122		48		2415000
250		100		58		2416250
236		117		87		2417500
239		126		79		2418750
206		125		60		2420000
199		112		87		2421250
206		127		76		2422500
239		112		64		2423750
249		102		35		2425000
259		107		73		2426250
199		104		89		2427500
237		141		89		2428750
19		102		66		2430000
198		128		55		2431250
241		107		37		2432500
241		95		69		2433750
235		110		62		2435000
246		138		39		2436250
260		128		67		2437500
246		108		62		2438750
222		93		77		2440000
208		91		102		2441250
251		133		48		2442500
232		118		62		2443750
216		110		79		2445000
187		128		58		2446250
236		126		49		2447500
248		114		83		2448750
228		93		75		2450000
210		100		68		2451250
248		124		68		2452500
220		104		68		2453750
209		118		48		2455000
239		112		67		2456250
228		134		107		2457500
259		145		52		2458750
229		121		52		2460000
249		126		70		2461250
202		120		66		2462500
233		110		68		2463750
239		112		79		2465000
272		127		69		2466250
211		127		84		2467500
232		117		54		2468750
229		110		65		2470000
231		95		52		2471250
236		114		68		2472500
234		135		64		2473750
237		119		55		2475000
235		115		66		2476250
237		100		70		2477500
231		114		71		2478750
206		92		25		2480000
241		95		63		2481250
179		103		90		2482500
210		123		61		2483750
231		121		75		2485000
205		83		75		2486250
209		99		98		2487500
242		110		78		2488750
164		130		82		2490000
217		124		61		2491250
200		99		80		2492500
231		122		78		2493750
244		123		63		2495000
13		145		70		2496250
242		108		74		2497500
223		111		54		2498750
222		133		57		2500000
247		132		66		2501250
245		121		60		2502500
211		86		43		2503750
221		136		54		2505000
241		109		61		2506250
234		110		66		2507500
230		104		67		2508750
235		111		62		2510000
252		128		43		2511250
219		110		51		2512500
219		126		55		2513750
230		149		43		2515000
7		107		78		2516250
235		110		65		2517500
223		111		54		2518750
216		140		97		2520000
253		92		81		2521250
221		103		88		2522500
196		75		76		2523750
241		111		67		2525000
228		108		68		2526250
218		125		53		2527500
213		116		64		2528750
216		103		63		2530000
235		110		48		2531250
509		135		57		2532500
242		118		33		2533750
229		110		56		2535000
210		120		80		2536250
206		97		50		2537500
267		121		59		2538750
233		114		64		2540000
201		114		93		2541250
224		117		103		2542500
221		121		73		2543750
219		97		75		2545000
217		90		63		2546250
248		123		64		2547500
205		109		53		2548750
215		122		77		2550000
199		113		50		2551250
486		123		60		2552500
241		127		77		2553750
213		94		50		2555000
200		115		65		2556250
242		107		50		2557500
245		85		79		2558750
208		100		76		2560000
194		151		98		2561250
171		137		43		2562500
230		112		84		2563750
224		118		63		2565000
235		95		52		2566250
235		121		71		2567500
237		87		52		2568750
230		132		57		2570000
254		132		69		2571250
233		120		59		2572500
224		121		67		2573750
226		103		56		2575000
217		87		85		2576250
206		124		64		2577500
219		123		64		2578750
241		124		58		2580000
214		130		62		2581250
252		133		81		2582500
240		113		35		2583750
220		97		47		2585000
223		95		64		2586250
208		95		73		2587500
233		109		67		2588750
210		108		69		2590000
205		110		59		2591250
197		108		62		2592500
223		108		29		2593750
244		124		61		2595000
191		132		86		2596250
221		108		90		2597500
223		114		59		2598750
238		132		89		2600000
231		111		61		2601250
204		81		68		2602500
195		112		57		2603750
206		96		43		2605000
200		106		78		2606250
214		119		85		2607500
203		127		78		2608750
239		101		92		2610000
234		112		67		2611250
177		117		71		2612500
258		143		46		2613750
226		115		60		2615000
233		125		55		2616250
241		112		60		2617500
225		99		58		2618750
218		116		77		2620000
230		118		73		2621250
233		86		45		2622500
209		141		73		2623750
212		135		69		2625000
262		122		70		2626250
210		114		57		2627500
212		109		63		2628750
217		96		77		2630000
207		95		86		2631250
220		102		78		2632500
257		95		42		2633750
222		138		72		2635000
201		127		79		2636250
219		121		51		2637500
192		99		49		2638750
227		93		66		2640000
208		127		67		2641250
243		144		66		2642500
192		113		64		2643750
220		110		57		2645000
220		106		50		2646250
220		103		71		2647500
236		122		55		2648750
221		108		85		2650000
228		136		89		2651250
212		130		81		2652500
231		140		77		2653750
201		142		65		2655000
230		116		87		2656250
196		131		62		2657500
217		120		70		2658750
220		128		58		2660000
205		83		75		2661250
200		95		57		2662500
236		91		66		2663750
200		136		72		2665000
246		115		82		2666250
214		100		95		2667500
246		113		79		2668750
200		115		76		2670000
224		119		48		2671250
210		119		90		2672500
226		128		69		2673750
241		110		70		2675000
223		102		90		2676250
182		89		49		2677500
232		110		42		2678750
225		118		70		2680000
199		89		76		2681250
244		112		81		2682500
206		98		65		2683750
251		98		63		2685000
227		112		67		2686250
227		114		70		2687500
251		121		88		2688750
252		113		80		2690000
228		105		72		2691250
237		111		43		2692500
228		101		52		2693750
237		137		50		2695000
218		121		52		2696250
199		113		74		2697500
213		80		102		2698750
198		101		50		2700000
256		117		58		2701250
214		114		56		2702500
238		112		50		2703750
222		87		69		2705000
252		131		67		2706250
202		123		68		2707500
161		136		66		2708750
4		111		71		2710000
183		110		70		2711250
215		125		80		2712500
236		152		84		2713750
215		114		76		2715000
217		131		84		2716250
215		106		62		2717500
213		87		27		2718750
207		98		51		2720000
218		80		40		2721250
214		118		65		2722500
198		102		76		2723750
213		120		47		2725000
209		133		70		2726250
202		111		43		2727500
222		88		46		2728750
225		137		64		2730000
218		121		158		2731250
84		774		427		2732500
3153		68		1333		2733750
3763		108		1204		2735000
3810		338		982		2736250
3000		753		843		2737500
2806		409		896		2738750
2824		499		967		2740000
3520		457		997		2741250
3473		524		1019		2742500
3127		600		984		2743750
3217		618		878		2745000
2971		557		793		2746250
2511		429		740		2747500
2313		27		626		2748750
1764		4		425		2750000
1027		65387		307		2751250
676		65352		165		2752500
63224		65533		64760		2753750
63284		65509		64808		2755000
63422		65380		64839		2756250
63166		65424		64848		2757500
63450		65463		64956		2758750
64229		65482		65155		2760000
64746		65488		65518		2761250
64981		65484		65323		2762500
64889		54		230		2763750
67		64		65		2765000
65406		222		39		2766250
469		292		128		2767500
663		352		282		2768750
1177		471		689		2770000
2062		469		803		2771250
3129		1177		267		2772500
6173		61633		64276		2773750
11004		62056		64956		2775000
5001		61481		65276		2776250
1159		61907		64862		2777500
1404		62359		64977		2778750
3919		62898		65130		2780000
6410		63489		65466		2781250
6788		64344		476		2782500
6336		64170		361		2783750
6971		64455		527		2785000
7808		64274		599		2786250
7523		64036		652		2787500
7311		63508		376		2788750
6896		62292		65204		2790000
4138		61078		64569		2791250
4327		58930		63425		2792500
3000		57236		62500		2793750
2736		55511		62284		2795000
2174		54711		62819		2796250
2837		54244		63491		2797500
2587		54699		64443		2798750
2029		55291		65116		2800000
1037		57057		65441		2801250
277		58558		196		2802500
64975		60435		416		2803750
64102		61529		806		2805000
64002		62252		1475		2806250
63997		62502		1761		2807500
63843		61848		2170		2808750
64015		61016		2561		2810000
64321		59256		2863		2811250
64863		57884		3467		2812500
335		55942		4319		2813750
1592		54496		4981		2815000
2865		53610		5653		2816250
4042		53022		6383		2817500
4620		53412		6873		2818750
4816		54207		7185		2820000
5300		55169		7509		2821250
5936		55839		7732		2822500
7455		56337		7824		2823750
8258		57125		7666		2825000
10194		58188		7099		2826250
10121		60575		6088		2827500
8279		64168		5044		2828750
5688		1464		3385		2830000
1030		4775		1991		2831250
62986		5322		453		2832500
61260		4593		65298		2833750
61205		3385		65482		2835000
62923		1145		840		2836250
64747		65387		1843		2837500
642		63796		3109		2838750
2574		62495		3859		2840000
3741		60875		4172		2841250
5947		1452		1638		2842500
702		2507		1043		2843750
247		3560		673		2845000
65464		4018		396		2846250
366		4533		143		2847500
240		5065		65469		2848750
64046		5049		65237		2850000
63948		4309		65014		2851250
63287		3086		64837		2852500
63746		1352		64574		2853750
64742		564		64003		2855000
65176		1886		63874		2856250
63957		3323		63859		2857500
61881		5073		64214		2858750
62555		5915		64411		2860000
64050		7051		64801		2861250
64865		8172		65040		2862500
65238		9375		65002		2863750
65188		10239		64753		2865000
64570		11676		64032		2866250
61499		13671		63121		2867500
60391		15205		61956		2868750
58781		16886		60928		2870000
56340		17930		60484		2871250
56894		18883		59833		2872500
58350		18378		60079		2873750
57313		18137		60640		2875000
59666		16672		61288		2876250
63118		15014		64022		2877500
43379		61332		5564		2878750
31885		3994		9335		2880000
12569		5947		4400		2881250
13638		61785		2943		2882500
18957		59889		468		2883750
61378		64195		63203		2885000
54430		65084		63239		2886250
56920		65181		63500		2887500
61084		65345		64127		2888750
62785		107		64893		2890000
64403		65339		336		2891250
1889		64780		1189		2892500
3182		65264		1404		2893750
4453		65472		1469		2895000
4985		65492		1339		2896250
4051		65419		1063		2897500
2252		65356		501		2898750
374		65350		65204		2900000
63310		65530		64781		2901250
62650		65524		64653		2902500
62325		63		64638		2903750
62561		290		64775		2905000
63680		737		65077		2906250
64733		579		65468		2907500
62		280		475		2908750
973		428		429		2910000
1395		377		748		2911250
1571		368		481		2912500
1497		149		408		2913750
1199		65282		8		2915000
441		65455		52		2916250
65118		65508		65435		2917500
64730		65508		65263		2918750
64288		3		65241		2920000
64357		7		65237		2921250
64416		65517		65285		2922500
64764		65531		65365		2923750
65085		65292		65519		2925000
78		10		120		2926250
418		8		220		2927500
687		2		265		2928750
722		65518		290		2930000
703		19		239		2931250
289		19		182		2932500
331		18		70		2933750
65516		32		19		2935000
65044		35		65494		2936250
65117		25		65445		2937500
65179		12		65465		2938750
65237		35		65489		2940000
65376		63		65528		2941250
70		61		71		2942500
171		23		126		2943750
335		36		152		2945000
372		42		150		2946250
357		58		134		2947500
274		45		120		2948750
211		75		71		2950000
99		89		54		2951250
172		363		65509		2952500
65509		974		65477		2953750
64984		1081		65402		2955000
65044		635		65472		2956250
65483		465		227		2957500
109		257		12		2958750
232		109		99		2960000
2		69		96		2961250
222		46		54		2962500
153		29		47		2963750
85		63		44		2965000
94		59		17		2966250
65286		81		26		2967500
65527		49		31		2968750
52		65		37		2970000
83		73		44		2971250
107		77		27		2972500
130		65		69		2973750
148		74		72		2975000
179		81		73		2976250
191		83		80		2977500
148		93		82		2978750
133		71		48		2980000
159		88		77		2981250
123		83		52		2982500
76		73		49		2983750
140		64		68		2985000
118		100		41		2986250
173		89		73		2987500
172		57		57		2988750
139		119		64		2990000
135		100		54		2991250
97		86		60		2992500
125		58		52		2993750
152		97		73		2995000
129		79		47		2996250
111		100		79		2997500
97		80		72		2998750
153		81		69		3000000
139		120		68		3001250
131		85		44		3002500
186		107		55		3003750
179		128		47		3005000
140		131		44		3006250
163		227		58		3007500
75		255		26		3008750
53		346		65503		3010000
205		542		65482		3011250
65357		277		24		3012500
130		121		60		3013750
272		92		41		3015000
123		99		71		3016250
109		81		66		3017500
147		108		72		3018750
136		82		33		3020000
161		89		35		3021250
152		126		40		3022500
120		101		41		3023750
142		91		69		3025000
148		94		64		3026250
179		67		67		3027500
126		97		67		3028750
141		105		74		3030000
147		113		60		3031250
160		91		56		3032500
188		64		75		3033750
153		96		53		3035000
151		84		56		3036250
140		80		52		3037500
148		91		64		3038750
159		117		58		3040000
180		97		54		3041250
193		110		49		3042500
170		87		55		3043750
154		85		50		3045000
189		95		74		3046250
181		97		68		3047500
175		85		74		3048750
180		105		70		3050000
173		82		64		3051250
158		112		85		3052500
139		86		63		3053750
161		97		77		3055000
176		88		90		3056250
158		108		61		3057500
165		110		74		3058750
176		88		84		3060000
132		62		70		3061250
203		89		64		3062500
171		72		52		3063750
176		88		77		3065000
170		103		79		3066250
175		88		53		3067500
174		116		48		3068750
204		83		60		3070000
175		76		60		3071250
184		111		58		3072500
208		89		53		3073750
179		100		61		3075000
179		99		62		3076250
159		110		69		3077500
173		120		52		3078750
156		44		58		3080000
174		107		76		3081250
171		95		78		3082500
209		116		96		3083750
198		102		64		3085000
178		102		59		3086250
166		110		64		3087500
171		100		46		3088750
174		129		79		3090000
193		100		54		3091250
177		101		75		3092500
174		107		69		3093750
191		107		76		3095000
169		86		49		3096250
156		98		79		3097500
195		96		56		3098750
169		96		68		3100000
182		103		75		3101250
185		109		77		3102500
167		115		72		3103750
171		94		57		3105000
189		93		62		3106250
196		89		75		3107500
180		104		79		3108750
107		95		78		3110000
159		102		76		3111250
174		103		81		3112500
189		117		81		3113750
149		94		49		3115000
194		86		59		3116250
201		84		76		3117500
200		114		50		3118750
166		112		86		3120000
180		130		53		3121250
209		82		53		3122500
174		79		52		3123750
206		104		71		3125000
182		87		51		3126250
188		112		57		3127500
180		102		70		3128750
188		73		68		3130000
218		100		66		3131250
220		132		58		3132500
204		106		50		3133750
210		110		73		3135000
198		109		74		3136250
194		100		56		3137500
180		115		46		3138750
213		137		75		3140000
193		126		58		3141250
185		120		72		3142500
191		127		55		3143750
176		127		53		3145000
205		135		73		3146250
170		140		65		3147500
199		164		61		3148750
169		213		50		3150000
148		280		32		3151250
170		326		42		3152500
131		331		12		3153750
87		345		27		3155000
106		374		18		3156250
91		404		31		3157500
65493		357		9		3158750
69		211		30		3160000
267		203		61		3161250
165		209		55		3162500
158		184		42		3163750
191		200		57		3165000
241		154		82		3166250
281		121		63		3167500
23		95		39		3168750
214		108		62		3170000
168		124		32		3171250
219		97		70		3172500
187		129		58		3173750
149		96		59		3175000
160		99		77		3176250
155		101		53		3177500
199		120		68		3178750
204		60		60		3180000
201		100		68		3181250
202		92		69		3182500
213		109		73		3183750
210		132		46		3185000
227		143		61		3186250
199		118		38		3187500
197		124		56		3188750
197		115		53		3190000
188		121		64		3191250
207		122		77		3192500
216		106		52		3193750
204		126		28		3195000
202		176		64		3196250
225		248		33		3197500
78		211		60		3198750
166		92		71		3200000
28		102		61		3201250
137		138		40		3202500
157		86		49		3203750
238		110		53		3205000
181		115		64		3206250
236		148		66		3207500
276		114		67		3208750
235		121		57		3210000
232		141		53		3211250
223		96		67		3212500
210		123		53		3213750
228		134		76		3215000
209		131		92		3216250
182		115		60		3217500
182		103		73		3218750
224		107		83		3220000
245		90		80		3221250
233		114		84		3222500
217		114		70		3223750
215		69		48		3225000
230		104		40		3226250
219		148		64		3227500
211		94		62		3228750
210		94		78		3230000
190		121		55		3231250
224		137		70		3232500
231		154		70		3233750
220		98		75		3235000
217		142		96		3236250
227		97		52		3237500
173		135		91		3238750
198		113		69		3240000
199		113		55		3241250
216		91		54		3242500
181		112		53		3243750
199		97		52		3245000
202		115		82		3246250
208		126		74		3247500
228		101		68		3248750
202		117		60		3250000
202		110		104		3251250
243		107		78		3252500
215		119		66		3253750
215		107		65		3255000
213		122		63		3256250
229		95		98		3257500
230		113		70		3258750
216		102		96		3260000
208		109		48		3261250
208		113		74		3262500
220		120		47		3263750
200		102		51		3265000
21		85		42		3266250
206		106		74		3267500
204		117		84		3268750
185		122		76		3270000
214		128		63		3271250
265		111		59		3272500
206		117		55		3273750
209		119		50		3275000
219		113		54		3276250
219		99		67		3277500
186		117		54		3278750
192		105		69		3280000
182		119		72		3281250
227		108		74		3282500
207		116		70		3283750
199		125		65		3285000
202		128		72		3286250
202		137		67		3287500
175		112		67		3288750
193		121		81		3290000
222		99		52		3291250
203		104		86		3292500
212		130		65		3293750
202		118		63		3295000
185		97		51		3296250
189		118		66		3297500
167		123		57		3298750
199		113		86		3300000
236		126		83		3301250
199		105		60		3302500
217		102		64		3303750
211		96		60		3305000
206		118		59		3306250
180		116		75		3307500
213		113		63		3308750
235		105		56		3310000
235		109		60		3311250
169		119		84		3312500
212		92		19		3313750
208		115		48		3315000
187		107		54		3316250
218		115		67		3317500
196		82		72		3318750
203		125		62		3320000
151		124		72		3321250
199		86		59		3322500
245		134		47		3323750
225		136		80		3325000
220		123		49		3326250
221		117		45		3327500
198		109		66		3328750
247		93		36		3330000
201		102		52		3331250
195		99		69		3332500
218		110		63		3333750
203		105		75		3335000
162		99		51		3336250
189		82		55		3337500
226		138		64		3338750
200		114		69		3340000
225		118		55		3341250
212		125		74		3342500
214		105		77		3343750
231		105		61		3345000
218		85		63		3346250
189		91		57		3347500
190		97		68		3348750
207		101		82		3350000
221		119		74		3351250
239		124		55		3352500
222		128		50		3353750
208		102		54		3355000
180		127		83		3356250
191		81		62		3357500
208		131		65		3358750
241		114		66		3360000
200		98		79		3361250
179		110		80		3362500
214		109		74		3363750
202		115		89		3365000
214		67		69		3366250
219		120		69		3367500
216		118		69		3368750
217		115		68		3370000
226		114		56		3371250
220		107		62		3372500
215		98		49		3373750
219		100		59		3375000
216		133		43		3376250
224		106		64		3377500
242		133		59		3378750
213		106		63		3380000
208		94		76		3381250
233		121		65		3382500
195		143		64		3383750
201		117		54		3385000
221		137		84		3386250
214		113		95		3387500
200		102		67		3388750
235		111		67		3390000
203		122		85		3391250
227		120		63		3392500
219		103		78		3393750
221		121		54		3395000
205		107		58		3396250
194		98		56		3397500
212		100		56		3398750
206		107		64		3400000
216		104		65		3401250
196		89		53		3402500
237		105		79		3403750
205		103		68		3405000
226		138		78		3406250
214		106		58		3407500
250		116		43		3408750
235		144		62		3410000
235		117		68		3411250
262		108		106		3412500
179		138		61		3413750
199		94		74		3415000
196		97		52		3416250
228		120		80		3417500
202		115		60		3418750
227		125		51		3420000
223		101		45		3421250
189		108		92		3422500
212		116		83		3423750
165		89		50		3425000
234		106		61		3426250
195		121		54		3427500
230		99		49		3428750
178		95		40		3430000
211		129		48		3431250
237		93		72		3432500
187		118		61		3433750
499		115		69		3435000
225		104		80		3436250
199		105		61		3437500
220		120		43		3438750
226		107		51		3440000
213		105		71		3441250
222		99		83		3442500
176		92		77		3443750
216		125		95		3445000
217		103		55		3446250
218		127		77		3447500
217		115		61		3448750
191		126		90		3450000
176		117		80		3451250
244		92		33		3452500
223		124		42		3453750
222		120		56		3455000
180		116		65		3456250
224		105		58		3457500
208		106		83		3458750
233		104		82		3460000
201		93		65		3461250
248		102		49		3462500
223		113		30		3463750
221		99		75		3465000
186		110		73		3466250
199		97		61		3467500
263		124		49		3468750
248		103		51		3470000
211		110		48		3471250
207		128		85		3472500
205		95		79		3473750
222		125		77		3475000
209		133		49		3476250
223		107		63		3477500
225		127		59		3478750
193		104		66		3480000
206		119		67		3481250
188		128		61		3482500
195		122		71		3483750
209		94		72		3485000
197		104		46		3486250
234		96		67		3487500
199		110		80		3488750
195		126		63		3490000
225		138		63		3491250
202		129		79		3492500
204		95		58		3493750
224		98		41		3495000
221		126		45		3496250
218		114		75		3497500
213		152		80		3498750
208		112		78		3500000
194		120		61		3501250
224		121		54		3502500
227		107		63		3503750
219		115		60		3505000
189		122		62		3506250
231		137		62		3507500
224		110		61		3508750
220		126		95		3510000
229		136		77		3511250
205		103		83		3512500
214		145		58		3513750
235		84		81		3515000
205		99		68		3516250
201		114		62		3517500
177		83		100		3518750
253		114		49		3520000
178		110		57		3521250
171		114		41		3522500
159		96		69		3523750
185		129		88		3525000
210		117		76		3526250
202		121		71		3527500
230		104		87		3528750
205		104		77		3530000
222		125		64		3531250
227		114		87		3532500
212		119		91		3533750
223		132		71		3535000
251		133		68		3536250
204		141		54		3537500
202		133		47		3538750
234		112		48		3540000
230		126		70		3541250
229		125		64		3542500
219		119		58		3543750
193		102		63		3545000
212		111		81		3546250
215		120		61		3547500
224		144		83		3548750
219		121		79		3550000
214		109		61		3551250
206		121		71		3552500
211		115		59		3553750
208		105		79		3555000
191		70		78		3556250
206		115		51		3557500
202		109		67		3558750
221		95		45		3560000
219		116		62		3561250
232		109		55		3562500
220		107		82		3563750
204		112		60		3565000
206		110		77		3566250
229		102		60		3567500
219		133		50		3568750
216		112		44		3570000
231		123		32		3571250
192		110		37		3572500
180		113		44		3573750
210		102		79		3575000
224		119		76		3576250
210		141		80		3577500
165		106		77		3578750
203		77		70		3580000
257		86		47		3581250
242		113		53		3582500
195		119		44		3583750
211		108		60		3585000
206		144		77		3586250
219		167		54		3587500
230		106		60		3588750
235		101		34		3590000
190		129		75		3591250
263		134		54		3592500
223		117		55		3593750
216		108		62		3595000
184		112		66		3596250
205		101		71		3597500
208		110		60		3598750
199		94		58		3600000
197		119		48		3601250
243		150		70		3602500
206		102		65		3603750
231		114		57		3605000
226		128		65		3606250
196		104		71		3607500
203		112		55		3608750
238		92		49		3610000
204		104		75		3611250
199		130		75		3612500
240		118		57		3613750
234		146		30		3615000
220		102		88		3616250
218		122		109		3617500
241		107		59		3618750
228		95		48		3620000
163		109		54		3621250
156		125		67		3622500
204		127		64		3623750
8		112		37		3625000
228		130		63		3626250
203		137		29		3627500
251		126		50		3628750
234		123		6		3630000
207		109		66		3631250
237		143		82		3632500
236		125		51		3633750
227		105		99		3635000
216		128		97		3636250
259		130		79		3637500
290		87		77		3638750
225		103		61		3640000
223		115		55		3641250
179		79		69		3642500
161		105		61		3643750
170		102		76		3645000
233		81		77		3646250
204		97		79		3647500
193		102		85		3648750
224		101		78		3650000
8		126		52		3651250
262		106		50		3652500
209		114		57		3653750
279		113		80		3655000
150		96		77		3656250
225		69		85		3657500
208		112		86		3658750
256		143		71		3660000
223		110		72		3661250
128		82		63		3662500
169		124		80		3663750
242		102		99		3665000
208		88		55		3666250
231		88		89		3667500
228		112		70		3668750
245		123		50		3670000
221		127		36		3671250
228		132		63		3672500
205		78		57		3673750
224		109		60		3675000
509		133		44		3676250
249		103		66		3677500
242		137		79		3678750
205		86		96		3680000
220		84		50		3681250
248		148		45		3682500
187		78		107		3683750
193		112		80		3685000
218		126		61		3686250
227		106		57		3687500
237		117		55		3688750
161		80		75		3690000
225		128		61		3691250
271		64808		57		3692500
2031		65208		442		3693750
62076		1097		370		3695000
1361		1768		109		3696250
397		1190		49		3697500
62890		527		44		3698750
64964		859		65515		3700000
77		1021		98		3701250
91		1036		265		3702500
65461		1274		390		3703750
1084		547		440		3705000
1102		765		474		3706250
1356		959		508		3707500
1128		672		470		3708750
951		333		270		3710000
65478		325		156		3711250
65347		808		44		3712500
65219		561		65280		3713750
5996		65521		84		3715000
6505		58		512		3716250
10707		412		1739		3717500
11676		64607		1844		3718750
11155		63705		1699		3720000
11124		64860		1474		3721250
10286		65138		1044		3722500
10089		64581		512		3723750
10633		64937		612		3725000
11199		65080		736		3726250
11299		64532		885		3727500
11642		64769		1153		3728750
12101		65380		1528		3730000
11969		64963		1271		3731250
12021		64975		1229		3732500
11347		64792		1108		3733750
10689		64807		934		3735000
10274		64669		1004		3736250
9572		65268		1094		3737500
8297		65488		1042		3738750
6932		157		972		3740000
6326		75		764		3741250
6994		65141		609		3742500
7568		64660		691		3743750
9294		64337		864		3745000
9837		64548		1287		3746250
11131		64203		1797		3747500
15328		63702		2552		3748750
21199		63367		3026		3750000
25865		63116		3688		3751250
31474		63600		5040		3752500
26736		63637		5558		3753750
22049		64200		5618		3755000
19071		63916		4566		3756250
17274		63272		2327		3757500
10795		62914		2358		3758750
10337		62881		2578		3760000
8200		62898		2879		3761250
6597		63259		3040		3762500
6012		63618		2954		3763750
4823		63689		2741		3765000
4302		63828		2659		3766250
3952		63755		2750		3767500
3027		63685		2915		3768750
2260		64151		3304		3770000
1995		64604		3652		3771250
1800		65278		3788		3772500
1573		64969		3983		3773750
1471		64720		4598		3775000
1193		64603		5041		3776250
1204		64665		5448		3777500
1259		64958		6094		3778750
1548		65118		6352		3780000
1142		65268		6718		3781250
1272		65259		7232		3782500
1148		65479		7880		3783750
1074		283		8129		3785000
1228		506		8638		3786250
339		490		9009		3787500
2251		618		9308		3788750
2010		711		9702		3790000
1734		509		9789		3791250
1857		472		10156		3792500
1766		539		11212		3793750
633		417		11868		3795000
613		65346		11952		3796250
65219		65195		12008		3797500
64971		64581		12117		3798750
63544		64238		12211		3800000
64134		64431		12342		3801250
62873		64020		12765		3802500
63112		63460		12858		3803750
62185		62821		12961		3805000
60760		62125		12935		3806250
59580		61995		11916		3807500
36273		62105		4327		3808750
32768		842		62535		3810000
32768		6661		58211		3811250
32768		10323		54693		3812500
33290		12354		53645		3813750
36940		14427		53267		3815000
44020		13731		53473		3816250
49590		11764		53645		3817500
54282		3705		49965		3818750
565		64467		48432		3820000
1415		65108		46751		3821250
1474		2886		44404		3822500
65361		6192		42341		3823750
64751		9562		40288		3825000
63392		12815		38276		3826250
62326		14997		36859		3827500
61041		17141		35256		3828750
60032		18148		33930		3830000
59119		19184		32950		3831250
56962		60534		1995		3832500
30693		57481		19148		3833750
32732		32633		17915		3835000
50461		23225		6028		3836250
15839		47030		58646		3837500
34048		5428		60052		3838750
57941		4668		65384		3840000
3745		3386		5032		3841250
12753		4687		8328		3842500
12982		3238		8790		3843750
22168		2670		6917		3845000
9647		399		4589		3846250
12568		599		1420		3847500
8216		1778		65477		3848750
64163		628		63217		3850000
60043		502		63689		3851250
61040		65513		64824		3852500
62781		65319		168		3853750
14		92		783		3855000
3507		719		1326		3856250
4792		576		1602		3857500
4663		395		1534		3858750
3312		228		1117		3860000
1844		245		378		3861250
65493		242		65438		3862500
63996		192		65007		3863750
62417		53		64651		3865000
61562		65483		64533		3866250
61488		1		64648		3867500
62304		93		64841		3868750
63495		141		65235		3870000
64678		178		138		3871250
322		206		387		3872500
1023		176		632		3873750
1607		511		647		3875000
1630		303		578		3876250
1135		243		413		3877500
488		180		164		3878750
65088		114		65478		3880000
63971		98		65259		3881250
64311		90		65348		3882500
64983		139		20		3883750
65380		170		136		3885000
450		201		248		3886250
466		179		308		3887500
540		173		267		3888750
423		190		247		3890000
233		176		127		3891250
65354		145		65520		3892500
65007		112		65462		3893750
65209		156		15		3895000
65272		148		76		3896250
65476		162		127		3897500
107		152		137		3898750
187		134		151		3900000
146		164		140		3901250
47		148		108		3902500
65356		149		43		3903750
65256		146		65532		3905000
65154		140		65502		3906250
65054		105		65498		3907500
65098		133		65516		3908750
65152		131		27		3910000
65278		137		27		3911250
65393		180		39		3912500
65433		148		74		3913750
65501		151		98		3915000
22		153		100		3916250
17		160		80		3917500
65522		141		17		3918750
65440		124		55		3920000
65343		116		41		3921250
65379		133		43		3922500
65527		131		15		3923750
65291		151		11		3925000
65371		121		29		3926250
65357		145		19		3927500
65459		139		32		3928750
65466		126		46		3930000
7		127		49		3931250
65517		118		52		3932500
65509		134		69		3933750
65464		131		69		3935000
65474		111		62		3936250
65410		129		39		3937500
65393		99		27		3938750
65392		95		42		3940000
65426		124		67		3941250
65443		134		53		3942500
65475		138		69		3943750
65500		101		50		3945000
65450		107		71		3946250
7		132		50		3947500
65468		126		84		3948750
65504		151		48		3950000
65294		115		41		3951250
0		120		44		3952500
65478		135		44		3953750
0		147		35		3955000
65497		118		43		3956250
65505		126		59		3957500
65521		111		26		3958750
19		153		43		3960000
32		163		40		3961250
5		128		58		3962500
2		124		39		3963750
65506		131		40		3965000
65488		117		66		3966250
65505		98		54		3967500
17		133		49		3968750
46		147		70		3970000
32		131		19		3971250
31		116		53		3972500
65531		134		57		3973750
14		133		45		3975000
44		95		32		3976250
25		119		51		3977500
41		139		21		3978750
6		127		41		3980000
27		126		42		3981250
39		122		61		3982500
63		123		52		3983750
63		150		53		3985000
51		150		58		3986250
61		133		64		3987500
38		114		40		3988750
55		112		46		3990000
38		103		61		3991250
53		128		48		3992500
49		120		57		3993750
77		131		74		3995000
74		136		50		3996250
65		132		59		3997500
66		133		82		3998750
73		116		62		4000000
94		116		63		4001250
83		131		60		4002500
79		127		41		4003750
44		114		69		4005000
69		120		57		4006250
83		119		30		4007500
84		116		63		4008750
87		123		20		4010000
78		113		63		4011250
97		136		55		4012500
69		107		77		4013750
89		119		69		4015000
89		106		37		4016250
85		90		44		4017500
80		121		67		4018750
66		110		29		4020000
77		158		27		4021250
93		153		39		4022500
80		117		31		4023750
141		141		73		4025000
82		143		33		4026250
59		124		63		4027500
89		117		55		4028750
77		115		83		4030000
85		126		38		4031250
99		116		74		4032500
112		123		77		4033750
70		119		60		4035000
131		144		65		4036250
126		113		49		4037500
74		115		59		4038750
45		120		59		4040000
117		109		43		4041250
96		111		45		4042500
106		116		51		4043750
121		106		45		4045000
91		126		56		4046250
120		140		52		4047500
68		146		33		4048750
98		155		53		4050000
86		122		75		4051250
165		87		53		4052500
144		109		57		4053750
70		110		49		4055000
122		113		77		4056250
96		118		34		4057500
127		131		54		4058750
122		109		71		4060000
134		138		53		4061250
72		105		90		4062500
95		128		78		4063750
122		127		60		4065000
139		116		37		4066250
140		156		31		4067500
108		145		48		4068750
108		130		52		4070000
144		122		58		4071250
105		111		86		4072500
88		99		74		4073750
115		137		54		4075000
137		134		60		4076250
124		91		55		4077500
116		101		61		4078750
110		108		37		4080000
105		109		48		4081250
123		116		60		4082500
143		126		70		4083750
143		162		87		4085000
155		111		43		4086250
160		145		48		4087500
142		134		54		4088750
129		107		50		4090000
96		141		80		4091250
199		111		68		4092500
159		128		62		4093750
123		121		43		4095000
84		104		57		4096250
144		125		44		4097500
135		146		60		4098750
136		116		48		4100000
145		94		34		4101250
139		124		39		4102500
158		128		66		4103750
149		116		48		4105000
143		124		68		4106250
116		114		45		4107500
143		110		63		4108750
135		129		50		4110000
135		122		62		4111250
113		123		94		4112500
140		121		64		4113750
176		141		75		4115000
137		128		72		4116250
148		112		46		4117500
144		144		32		4118750
143		126		51		4120000
156		120		77		4121250
145		125		54		4122500
152		105		52		4123750
116		117		63		4125000
124		93		67		4126250
124		112		67		4127500
118		110		74		4128750
189		110		38		4130000
132		113		57		4131250
164		129		80		4132500
195		115		57		4133750
163		114		96		4135000
123		138		76		4136250
124		129		62		4137500
120		110		52		4138750
143		124		67		4140000
144		96		63		4141250
127		127		62		4142500
156		142		50		4143750
150		109		67		4145000
142		101		46		4146250
148		122		50		4147500
169		132		66		4148750
164		130		85		4150000
154		128		40		4151250
220		108		38		4152500
147		78		80		4153750
148		83		52		4155000
160		133		86		4156250
175		108		53		4157500
149		118		80		4158750
174		119		53		4160000
154		97		47		4161250
144		101		84		4162500
128		114		66		4163750
171		106		72		4165000
137		90		61		4166250
161		93		65		4167500
177		122		82		4168750
137		120		66		4170000
135		117		68		4171250
196		107		65		4172500
175		131		78		4173750
183		118		94		4175000
150		125		50		4176250
187		121		68		4177500
183		124		65		4178750
170		114		27		4180000
161		100		65		4181250
134		119		51		4182500
162		134		87		4183750
141		126		64		4185000
156		130		66		4186250
210		114		37		4187500
155		104		84		4188750
164		121		79		4190000
195		137		60		4191250
153		133		73		4192500
124		127		59		4193750
193		127		83		4195000
151		102		74		4196250
168		106		44		4197500
169		101		80		4198750
166		119		67		4200000
170		128		62		4201250
157		116		69		4202500
175		150		39		4203750
189		123		61		4205000
175		105		75		4206250
172		137		82		4207500
169		128		64		4208750
164		109		70		4210000
178		125		40		4211250
166		112		43		4212500
164		123		65		4213750
135		128		59		4215000
142		130		80		4216250
40163		42771		60025		4217500
32768		33088		53081		4218750
32768		57466		53199		4220000
32768		4828		51316		4221250
32799		62397		50694		4222500
60305		5345		64558		4223750
32732		6293		5899		4225000
32732		12039		13505		4226250
32732		13239		18107		4227500
32732		9875		22013		4228750
32732		7741		19344		4230000
32732		8990		11746		4231250
23454		1427		6384		4232500
53114		59726		64833		4233750
22033		1895		61131		4235000
57013		61725		58706		4236250
62207		58545		60915		4237500
63939		65154		64918		4238750
64804		711		1110		4240000
9413		64211		2473		4241250
10027		64690		3240		4242500
11314		202		3090		4243750
14822		497		2395		4245000
12222		317		1941		4246250
7308		65376		976		4247500
2678		65146		58		4248750
65042		65502		64538		4250000
63658		351		63788		4251250
1629		150		401		4252500
3832		180		822		4253750
5018		72		1163		4255000
5017		30		1153		4256250
4425		41		969		4257500
3710		135		506		4258750
2201		155		164		4260000
629		80		65270		4261250
65085		40		65021		4262500
64417		55		64913		4263750
64400		70		65002		4265000
64938		79		65166		4266250
49		76		65486		4267500
999		64		457		4268750
1939		102		427		4270000
2271		111		519		4271250
2530		103		512		4272500
2275		99		444		4273750
1607		133		270		4275000
1220		121		121		4276250
701		99		65445		4277500
122		99		65335		4278750
65357		119		65303		4280000
65351		72		65328		4281250
65518		102		65445		4282500
720		100		126		4283750
1038		118		225		4285000
1237		112		283		4286250
1342		111		273		4287500
1238		126		212		4288750
826		92		177		4290000
723		101		50		4291250
461		110		65291		4292500
306		85		65461		4293750
151		108		65482		4295000
147		81		65506		4296250
223		116		239		4297500
370		71		46		4298750
562		101		117		4300000
770		102		168		4301250
776		104		147		4302500
790		123		128		4303750
720		114		125		4305000
579		90		83		4306250
478		132		46		4307500
354		122		25		4308750
310		102		65519		4310000
277		122		8		4311250
330		86		38		4312500
356		127		58		4313750
461		122		91		4315000
512		108		105		4316250
575		138		103		4317500
572		111		115		4318750
440		111		38		4320000
306		96		40		4321250
324		94		54		4322500
354		109		78		4323750
352		108		70		4325000
383		105		76		4326250
450		127		80		4327500
396		118		76		4328750
445		112		72		4330000
455		136		73		4331250
417		110		101		4332500
376		104		62		4333750
329		126		56		4335000
305		113		76		4336250
296		106		55		4337500
353		116		61		4338750
361		91		46		4340000
339		110		72		4341250
337		96		64		4342500
337		123		90		4343750
328		108		61		4345000
309		90		42		4346250
302		83		60		4347500
342		121		68		4348750
369		101		58		4350000
330		100		70		4351250
296		113		51		4352500
303		101		91		4353750
292		104		59		4355000
284		116		58		4356250
309		113		48		4357500
313		80		75		4358750
292		129		94		4360000
318		122		89		4361250
288		124		94		4362500
299		129		65		4363750
308		132		82		4365000
327		102		67		4366250
281		113		65		4367500
301		127		37		4368750
296		98		71		4370000
303		94		100		4371250
288		129		61		4372500
320		146		46		4373750
302		122		65		4375000
253		101		65		4376250
307		100		73		4377500
291		110		94		4378750
307		110		56		4380000
318		98		65		4381250
248		101		50		4382500
285		102		66		4383750
265		137		60		4385000
283		99		61		4386250
289		119		76		4387500
271		98		47		4388750
233		113		62		4390000
289		127		48		4391250
244		112		67		4392500
256		124		89		4393750
511		133		62		4395000
271		115		60		4396250
279		110		56		4397500
279		101		65		4398750
220		106		39		4400000
263		109		72		4401250
232		120		35		4402500
267		102		53		4403750
213		96		48		4405000
277		117		61		4406250
263		123		77		4407500
277		83		47		4408750
257		99		85		4410000
290		97		48		4411250
249		105		44		4412500
257		120		82		4413750
310		99		50		4415000
281		118		51		4416250
261		102		58		4417500
257		110		43		4418750
234		97		79		4420000
273		113		64		4421250
255		140		62		4422500
286		124		81		4423750
226		94		92		4425000
286		92		69		4426250
259		116		64		4427500
238		117		86		4428750
278		126		44		4430000
220		71		44		4431250
266		128		59		4432500
222		130		61		4433750
242		134		88		4435000
251		111		63		4436250
251		98		72		4437500
215		99		64		4438750
246		126		54		4440000
228		130		105		4441250
276		129		52		4442500
255		107		96		4443750
227		101		76		4445000
285		111		59		4446250
271		116		47		4447500
260		131		80		4448750
212		121		75		4450000
243		103		53		4451250
222		124		76		4452500
232		87		63		4453750
1		136		69		4455000
244		135		71		4456250
209		106		64		4457500
241		124		77		4458750
207		87		102		4460000
223		108		62		4461250
2		117		69		4462500
245		143		65		4463750
292		122		63		4465000
253		137		63		4466250
249		116		76		4467500
222		128		61		4468750
236		112		62		4470000
240		93		74		4471250
252		110		47		4472500
242		107		46		4473750
248		113		68		4475000
235		109		61		4476250
249		122		56		4477500
232		111		54		4478750
213		125		69		4480000
205		119		68		4481250
204		96		42		4482500
215		90		51		4483750
211		110		61		4485000
271		114		71		4486250
239		109		45		4487500
225		123		58		4488750
265		122		66		4490000
217		110		60		4491250
217		85		59		4492500
227		95		90		4493750
218		101		44		4495000
188		101		58		4496250
244		109		72		4497500
210		113		65		4498750
215		111		69		4500000
247		130		85		4501250
208		94		67		4502500
211		101		63		4503750
231		115		52		4505000
212		130		53		4506250
233		122		45		4507500
243		115		53		4508750
225		83		101		4510000
191		91		74		4511250
238		129		58		4512500
261		135		52		4513750
231		125		60		4515000
226		114		80		4516250
228		111		71		4517500
5		137		78		4518750
208		123		73		4520000
238		118		88		4521250
202		119		58		4522500
249		103		40		4523750
248		116		72		4525000
226		133		67		4526250
217		127		62		4527500
263		124		47		4528750
211		126		45		4530000
222		90		66		4531250
219		93		71		4532500
224		125		82		4533750
215		128		77		4535000
212		103		46		4536250
252		100		62		4537500
242		129		88		4538750
261		125		55		4540000
225		110		83		4541250
218		99		54		4542500
210		93		38		4543750
210		131		84		4545000
205		141		67		4546250
260		112		74		4547500
280		104		44		4548750
231		105		63		4550000
165		116		66		4551250
226		123		62		4552500
212		99		57		4553750
6		109		76		4555000
225		118		55		4556250
214		108		80		4557500
229		124		99		4558750
213		116		97		4560000
225		130		75		4561250
240		125		88		4562500
256		113		60		4563750
246		116		42		4565000
216		100		57		4566250
250		117		66		4567500
224		120		84		4568750
201		114		81		4570000
205		98		75		4571250
235		134		69		4572500
209		110		63		4573750
206		93		67		4575000
215		104		63		4576250
211		115		67		4577500
260		130		58		4578750
239		105		78		4580000
248		132		58		4581250
229		131		53		4582500
202		118		63		4583750
240		111		55		4585000
181		117		62		4586250
219		110		73		4587500
237		120		94		4588750
211		133		81		4590000
225		106		64		4591250
198		123		68		4592500
174		127		57		4593750
214		98		52		4595000
506		141		53		4596250
170		127		82		4597500
203		155		74		4598750
240		87		65		4600000
210		103		83		4601250
232		111		86		4602500
259		131		97		4603750
216		114		78		4605000
237		114		57		4606250
192		97		73		4607500
228		118		78		4608750
227		122		50		4610000
233		123		72		4611250
251		114		74		4612500
227		118		66		4613750
236		114		53		4615000
214		110		58		4616250
205		117		50		4617500
223		129		51		4618750
217		113		91		4620000
243		121		68		4621250
227		89		81		4622500
214		123		69		4623750
234		106		53		4625000
234		120		55		4626250
239		121		72		4627500
252		114		63		4628750
210		106		45		4630000
228		123		64		4631250
228		109		48		4632500
254		133		58		4633750
219		112		76		4635000
199		114		86		4636250
215		87		40		4637500
238		114		94		4638750
176		101		84		4640000
217		103		71		4641250
155		66		58		4642500
227		109		59		4643750
207		125		55		4645000
209		120		62		4646250
216		106		60		4647500
222		97		67		4648750
205		116		56		4650000
206		105		69		4651250
200		104		73		4652500
224		111		84		4653750
216		101		92		4655000
216		110		45		4656250
192		96		60		4657500
247		122		86		4658750
235		122		58		4660000
214		139		58		4661250
222		133		49		4662500
243		117		62		4663750
215		110		63		4665000
215		125		75		4666250
186		123		52		4667500
231		118		82		4668750
205		115		86		4670000
247		117		71		4671250
213		126		37		4672500
226		109		33		4673750
215		116		63		4675000
246		123		88		4676250
188		135		71		4677500
192		113		43		4678750
223		102		68		4680000
200		139		78		4681250
202		110		94		4682500
184		131		71		4683750
235		115		37		4685000
213		110		84		4686250
225		123		84		4687500
206		94		68		4688750
156		105		61		4690000
190		133		68		4691250
216		107		75		4692500
234		116		74		4693750
199		125		71		4695000
216		102		51		4696250
168		124		55		4697500
161		120		34		4698750
204		128		35		4700000
215		109		106		4701250
370		123		142		4702500
339		119		126		4703750
381		133		89		4705000
311		111		78		4706250
239		108		68		4707500
117		129		39		4708750
99		79		38		4710000
81		110		65294		4711250
87		105		41		4712500
73		112		33		4713750
131		145		61		4715000
150		125		76		4716250
213		103		97		4717500
271		104		96		4718750
264		92		109		4720000
267		126		108		4721250
265		105		67		4722500
251		84		85		4723750
197		90		82		4725000
264		98		81		4726250
284		114		87		4727500
290		147		73		4728750
304		111		87		4730000
265		135		52		4731250
202		125		54		4732500
145		153		18		4733750
124		114		33		4735000
94		112		40		4736250
104		124		43		4737500
139		97		42		4738750
124		115		57		4740000
170		140		89		4741250
229		122		90		4742500
308		138		80		4743750
334		121		75		4745000
275		110		80		4746250
257		126		73		4747500
238		104		68		4748750
225		107		52		4750000
239		106		79		4751250
9		102		48		4752500
242		139		73		4753750
11		133		95		4755000
218		126		80		4756250
169		115		41		4757500
161		108		40		4758750
105		131		62		4760000
74		97		31		4761250
116		105		36		4762500
145		115		69		4763750
155		113		53		4765000
205		119		72		4766250
262		114		93		4767500
265		120		66		4768750
316		122		111		4770000
264		122		76		4771250
292		124		86		4772500
235		99		70		4773750
256		125		72		4775000
215		126		76		4776250
173		103		57		4777500
199		122		43		4778750
190		104		45		4780000
176		110		82		4781250
170		102		61		4782500
208		136		49		4783750
156		122		53		4785000
189		124		64		4786250
179		131		80		4787500
178		105		79		4788750
220		112		85		4790000
270		106		81		4791250
261		101		94		4792500
275		129		76		4793750
293		105		93		4795000
249		129		88		4796250
4		97		90		4797500
215		106		84		4798750
178		95		46		4800000
181		122		53		4801250
182		135		101		4802500
159		117		75		4803750
195		135		62		4805000
166		106		53		4806250
197		100		60		4807500
192		122		52		4808750
259		136		80		4810000
267		85		73		4811250
252		102		80		4812500
240		114		76		4813750
247		121		66		4815000
149		130		48		4816250
176		118		76		4817500
200		126		84		4818750
192		100		83		4820000
203		126		46		4821250
231		110		78		4822500
210		103		35		4823750
188		101		87		4825000
227		108		81		4826250
221		88		59		4827500
253		115		59		4828750
249		101		52		4830000
253		117		84		4831250
254		116		74		4832500
267		121		51		4833750
230		122		52		4835000
209		142		55		4836250
173		132		71		4837500
209		150		53		4838750
187		112		20		4840000
183		131		52		4841250
169		110		77		4842500
180		122		71		4843750
182		109		48		4845000
232		124		85		4846250
234		93		78		4847500
510		84		81		4848750
265		138		85		4850000
222		110		71		4851250
208		97		57		4852500
228		116		69		4853750
203		122		70		4855000
204		127		48		4856250
192		102		70		4857500
193		112		87		4858750
187		113		65		4860000
221		133		76		4861250
207		110		54		4862500
255		102		78		4863750
203		128		73		4865000
237		101		62		4866250
234		94		58		4867500
191		133		64		4868750
217		108		66		4870000
164		101		98		4871250
173		140		65		4872500
208		103		28		4873750
187		99		46		4875000
144		115		56		4876250
195		93		59		4877500
165		112		60		4878750
177		112		106		4880000
214		99		71		4881250
226		108		92		4882500
286		106		86		4883750
289		93		80		4885000
277		97		81		4886250
240		95		82		4887500
253		116		79		4888750
255		126		66		4890000
194		108		76		4891250
150		102		64		4892500
193		92		39		4893750
169		88		50		4895000
188		120		47		4896250
131		109		28		4897500
151		92		44		4898750
215		133		58		4900000
154		122		50		4901250
219		115		31		4902500
203		112		58		4903750
202		123		55		4905000
219		129		65		4906250
236		114		84		4907500
218		106		75		4908750
258		122		68		4910000
273		116		83		4911250
253		108		81		4912500
237		109		94		4913750
198		96		50		4915000
169		106		36		4916250
190		131		47		4917500
209		130		65		4918750
179		114		50		4920000
180		118		67		4921250
196		128		82		4922500
179		114		73		4923750
180		106		89		4925000
278		120		71		4926250
226		115		100		4927500
264		106		83		4928750
303		89		81		4930000
293		115		65		4931250
273		117		70		4932500
252		99		92		4933750
228		129		59		4935000
166		112		68		4936250
206		135		54		4937500
146		118		64		4938750
138		108		54		4940000
132		98		17		4941250
144		108		43		4942500
166		100		73		4943750
198		122		75		4945000
230		91		58		4946250
220		127		34		4947500
255		122		77		4948750
300		121		47		4950000
239		92		67		4951250
217		112		71		4952500
206		100		57		4953750
192		120		62		4955000
189		144		63		4956250
169		107		51		4957500
162		103		29		4958750
156		106		70		4960000
178		98		70		4961250
204		85		47		4962500
199		115		79		4963750
239		117		78		4965000
257		98		86		4966250
232		122		71		4967500
213		132		57		4968750
195		104		84		4970000
165		134		56		4971250
190		124		62		4972500
203		127		77		4973750
196		95		65		4975000
177		115		66		4976250
250		104		54		4977500
238		118		90		4978750
239		114		50		4980000
254		111		74		4981250
204		105		67		4982500
186		88		72		4983750
211		122		79		4985000
238		114		77		4986250
212		126		80		4987500
195		101		70		4988750
195		112		33		4990000
199		119		65		4991250
230		121		83		4992500
244		136		79		4993750
215		103		60		4995000
14		133		65		4996250
241		108		62		4997500
180		103		32		4998750
202		130		48		5000000
182		119		34		5001250
243		118		35		5002500
213		118		71		5003750
234		131		94		5005000
252		128		63		5006250
201		114		81		5007500
2		113		40		5008750
203		111		50		5010000
239		126		29		5011250
189		115		56		5012500
190		83		74		5013750
216		95		51		5015000
200		133		69		5016250
195		117		50		5017500
190		89		66		5018750
199		124		72		5020000
204		109		68		5021250
192		108		100		5022500
218		105		63		5023750
187		93		52		5025000
238		98		53		5026250
202		97		55		5027500
197		110		85		5028750
255		102		95		5030000
261		127		83		5031250
166		126		52		5032500
214		100		68		5033750
157		128		88		5035000
164		121		68		5036250
205		108		60		5037500
213		109		63		5038750
235		129		68		5040000
224		94		85		5041250
220		88		61		5042500
233		132		70		5043750
233		125		64		5045000
228		105		66		5046250
193		147		59		5047500
211		138		53		5048750
208		128		72		5050000
229		115		98		5051250
228		98		85		5052500
270		131		52		5053750
212		110		50		5055000
170		110		42		5056250
186		106		63		5057500
176		136		90		5058750
171		100		49		5060000
271		119		74		5061250
264		129		86		5062500
255		109		72		5063750
239		123		70		5065000
220		120		64		5066250
190		127		50		5067500
188		108		85		5068750
217		116		81		5070000
210		102		64		5071250
264		110		86		5072500
228		126		55		5073750
224		139		50		5075000
184		144		48		5076250
182		114		49		5077500
158		97		35		5078750
131		94		69		5080000
169		110		53		5081250
190		115		70		5082500
218		118		80		5083750
507		142		93		5085000
264		106		60		5086250
269		105		82		5087500
12		141		73		5088750
251		111		82		5090000
236		84		48		5091250
208		94		65		5092500
185		111		77		5093750
227		94		53		5095000
214		104		91		5096250
212		107		70		5097500
160		116		79		5098750
199		156		67		5100000
200		106		51		5101250
157		93		44		5102500
245		93		87		5103750
219		99		63		5105000
222		129		67		5106250
254		110		71		5107500
509		125		96		5108750
261		114		79		5110000
223		109		76		5111250
226		111		57		5112500
215		103		41		5113750
216		126		60		5115000
184		107		62		5116250
206		103		87		5117500
208		107		81		5118750
207		98		45		5120000
214		103		79		5121250
176		150		77		5122500
210		132		70		5123750
224		127		41		5125000
233		94		40		5126250
164		100		70		5127500
226		121		58		5128750
230		90		45		5130000
228		133		44		5131250
207		98		76		5132500
200		86		54		5133750
158		115		63		5135000
159		122		79		5136250
148		95		51		5137500
195		115		50		5138750
197		94		74		5140000
197		104		74		5141250
197		124		53		5142500
205		126		60		5143750
197		122		53		5145000
239		107		72		5146250
244		113		70		5147500
223		92		70		5148750
222		109		66		5150000
246		123		37		5151250
241		129		46		5152500
199		120		59		5153750
226		122		44		5155000
205		114		51		5156250
157		100		74		5157500
183		129		73		5158750
202		103		64		5160000
203		125		68		5161250
228		106		88		5162500
237		103		98		5163750
209		88		66		5165000
226		104		46		5166250
185		86		68		5167500
197		100		104		5168750
238		109		84		5170000
207		137		75		5171250
205		131		57		5172500
197		136		54		5173750
161		143		81		5175000
203		95		67		5176250
241		99		68		5177500
245		107		73		5178750
224		99		47		5180000
210		113		80		5181250
203		120		83		5182500
230		104		51		5183750
236		133		80		5185000
204		114		65		5186250
217		128		62		5187500
201		106		63		5188750
187		102		68		5190000
195		99		87		5191250
251		126		50		5192500
151		108		52		5193750
213		94		49		5195000
215		136		77		5196250
214		123		60		5197500
209		118		50		5198750
229		121		66		5200000
231		105		33		5201250
197		98		49		5202500
223		110		55		5203750
250		127		106		5205000
207		107		67		5206250
217		73		50		5207500
239		77		43		5208750
246		110		63		5210000
243		110		62		5211250
209		105		57		5212500
236		129		29		5213750
188		128		84		5215000
196		92		63		5216250
208		93		63		5217500
202		101		54		5218750
202		104		54		5220000
161		109		61		5221250
202		134		79		5222500
194		99		80		5223750
240		118		66		5225000
240		125		78		5226250
209		120		67		5227500
214		110		47		5228750
214		124		77		5230000
232		119		42		5231250
194		109		70		5232500
194		136		44		5233750
189		90		55		5235000
182		95		70		5236250
198		105		47		5237500
223		128		55		5238750
198		99		43		5240000
201		107		57		5241250
188		94		77		5242500
174		100		72		5243750
217		132		66		5245000
188		118		73		5246250
223		92		71		5247500
230		134		55		5248750
214		117		84		5250000
232		108		65		5251250
215		117		80		5252500
209		123		72		5253750
243		125		61		5255000
226		121		83		5256250
204		107		62		5257500
235		121		62		5258750
226		105		56		5260000
200		92		56		5261250
209		94		79		5262500
208		109		52		5263750
213		135		82		5265000
239		112		84		5266250
196		107		81		5267500
217		99		46		5268750
222		107		62		5270000
202		117		75		5271250
232		136		75		5272500
207		118		75		5273750
204		122		76		5275000
218		113		61		5276250
220		114		81		5277500
187		144		67		5278750
226		105