 X		Y		Z		Time[us]
-127		7265		-5788		-4.42808e-44
-6550		7264		-5804		0.00637297
-6544		7273		-65		0.0127229
-24		7458		-62		0.0189949
-6534		7425		-5876		0.0253209
-6542		7450		-6074		0.0351198
-6542		7469		-6074		0.0413948
-6540		7495		-6053		0.0554058
-6540		7266		-5794		0.0618307
-120		7242		-5810		0.0682697
-40		7425		-50		0.0747307
-117		7240		-5791		0.0806366
-85		-55		-26		0.0956206
-6381		-52		-17		0.10177
-9		7178		-8		0.108187
-8		7230		-20		0.133929
-6394		7242		-7		0.140351
-6536		7176		-21		0.146494
-6568		7493		-5876		0.152905
-6552		-128		-6068		0.159281
-18		-1		-6044		0.165672
-6574		-26		-5800		0.177003
-6571		-37		-5812		0.183324
-6598		-113		-56		0.189712
-17		-109		-34		0.196057
-44		7271		-18		0.202337
-6565		7237		-27		0.208787
-6551		7471		-6069		0.215209
-6552		-121		-6065		0.221556
-6532		7267		-5799		0.227971
-6532		7263		-60		0.234243
-117		7510		-5792		0.242083
-125		-2		-8		0.248455
-6539		7449		-20		0.257055
-6546		7427		-6055		0.263428
-6539		7524		-5803		0.269995
-6538		7267		-5816		0.276398
-6537		7271		-48		0.282673
-26		-42		-62		0.289056
-20		-11		-43		0.29546
-10		-37		-6049		0.301929
-6576		-18		-5800		0.308283
-6600		7436		-26		0.314842
-6554		7425		-16		0.321205
-6537		7529		-6052		0.346301
-124		7261		-5812		0.352683
-120		7272		-59		0.359198
-6537		7257		-40		0.365502
-29		7427		-46		0.372212
-6558		7471		-38		0.381936
-6549		7460		-5799		0.388258
-6554		7544		-5808		0.394547
-6554		7283		-5810		0.400869
-125		-10		-51		0.407202
-9		7440		-59		0.413641
-6		7435		-6072		0.419832
-6574		7441		-5797		0.426267
-6587		7433		-5808		0.432748
-5		7267		-20		0.43946
-26		7201		-15		0.465082
-6563		7475		-26		0.471594
-124		7238		-6057		0.477953
-118		7531		-5813		0.48444
-6531		7260		-22		0.490749
-6547		7456		-6		0.51302
-6546		7451		-6054		0.519526
-6532		-126		-5797		0.525943
-6530		7280		-5812		0.532285
-6555		7190		-50		0.538717
-31		7219		-62		0.545223
-39		-4		-74		0.552085
-25		-36		-6054		0.558391
-35		-25		-5806		0.564909
-6566		-10		-5786		0.571303
-6573		-18		-25		0.577654
-14		7289		-41		0.583994
-39		-115		-30		0.59038
-22		7208		-47		0.596874
-6540		7485		-33		0.603313
-6539		7432		-5786		0.609682
-6547		7522		-5795		0.616161
-124		7268		-60		0.622299
-123		7170		-62		0.628397
-30		-2		-65		0.634892
-28		-26		-6045		0.641366
-6559		-19		-5782		0.647761
-6584		-21		-5792		0.65423
-6551		7258		-17		0.660619
-23		7283		-5		0.666927
-6389		7249		-33		0.673425
-14		7256		-30		0.680248
-127		7437		-3		0.693193
-6534		7437		-6053		0.699524
-6531		7498		-5808		0.70604
-6547		7281		-5791		0.71235
-6547		-9		-52		0.718724
-36		-29		-34		0.725134
-16		7436		-6036		0.731426
-17		-32		-6059		0.737888
-6563		-28		-5792		0.744585
-122		7453		-21		0.751121
-6556		7538		-6060		0.775573
-118		7275		-5794		0.78199
-128		7264		-59		0.788205
-23		7226		-73		0.794601
-26		-44		-25		0.801175
-6555		7470		-6047		0.807613
-6532		7513		-5820		0.816899
-6542		7289		-5792		0.823184
-128		7175		-59		0.82956
-16		7437		-53		0.835949
-58		7477		-6080		0.842298
-6613		7447		-5843		0.848497
-6588		7447		-5823		0.854948
-6586		-81		-53		0.861376
-46		7276		-33		0.867839
-6569		7198		-44		0.894134
-6557		7470		-19		0.90066
-6572		7458		-6077		0.907034
-6537		7514		-5803		0.913537
-6542		7290		-44		0.919915
-24		-125		-45		0.943188
-6579		7215		-39		0.949572
-6552		7457		-53		0.955884
-6557		7524		-6079		0.96224
-6580		-98		-5851		0.968761
-6603		7444		-5808		0.975368
-6601		-87		-48		0.985839
-56		-102		-75		0.992116
-34		7287		-30		0.998621
-6563		7181		-22		1.00496
-6534		-4		-13		1.01141
-6541		7530		-5803		1.01761
-6541		7253		-5807		1.02399
-6561		7259		-5805		1.03056
-6547		7258		-54		1.03732
-33		7452		-48		1.04379
-34		7430		-6060		1.04988
-6549		-26		-5812		1.05626
-6567		-16		-5798		1.06254
-6547		-54		-26		1.06889
-1		-119		-14		1.07554
-6646		7264		-33		1.0819
-5		-109		-19		1.08842
-6534		7233		-5		1.09485
-6536		7430		-13		1.10139
-6533		7261		-5806		1.1078
-125		7231		-40		1.1343
-6642		-29		-33		1.14065
-8		7424		-52		1.14697
-39		7431		-6065		1.15361
-6546		7469		-6069		1.15988
-6536		7504		-5818		1.18359
-6538		-116		-5824		1.19019
-6549		7278		-64		1.19649
-17		-23		-50		1.20292
-1		7478		-6074		1.20962
-6564		7538		-6058		1.23224
-6536		-123		-5820		1.23876
-6533		7268		-61		1.24504
-44		7191		-72		1.2515
-13		-15		-51		1.25795
-28		-4		-6060		1.26475
-6570		-43		-5804		1.27091
-6565		-15		-37		1.27707
-22		7258		-50		1.28338
-17		7277		-37		1.28971
-29		7273		-13		1.29615
-6561		7516		-34		1.30253
-6563		7448		-35		1.30883
-6549		7523		-6065		1.31536
-6541		-123		-5827		1.32184
-19		7173		-60		1.32833
-11		-4		-55		1.35485
-6393		-38		-6043		1.36121
-6282		-23		-5811		1.36758
-6577		-55		-17		1.37397
-116		7453		-4		1.38998
-6538		7461		-6052		1.40584
-6541		7520		-5817		1.41213
-6537		7282		-5806		1.41871
-6550		-1		-48		1.42518
-22		-17		-54		1.45188
-1		-60		-6037		1.45831
-6570		-24		-5783		1.46466
-6560		-18		-5802		1.47113
-125		7291		-5797		1.48079
-6529		-3		-46		1.48724
-17		-6		-66		1.49369
-26		7444		-6065		1.50003
-21		-1		-5796		1.50636
-6573		-7		-5814		1.51278
-6566		-18		-5888		1.51905
-6565		-21		-27		1.52566
-6538		7258		-6045		1.53257
-6530		7280		-5793		1.54351
-6534		7243		-35		1.54986
-112		-34		-52		1.55613
-7		-33		-51		1.56253
-6389		-18		-5784		1.56884
-6550		-4		-5797		1.57516
-6576		-8		-47		1.58158
-6578		7250		-26		1.58808
-6		7254		-38		1.5944
-6564		7451		-6086		1.62013
-6536		-117		-5803		1.62653
-6541		7284		-5806		1.63279
-118		-18		-49		1.63939
-33		-30		-49		1.64567
-6546		7472		-31		1.66939
-6544		7464		-6081		1.67574
-121		7218		-5798		1.68214
-6542		7259		-5803		1.6885
-110		-49		-30		1.69489
-1		7427		-65		1.7013
-12		-4		-6038		1.70774
-126		7527		-5796		1.71407
-128		7238		-5801		1.72305
-6529		-23		-56		1.72942
-23		-3		-51		1.73585
-3		-10		-6053		1.74236
-10		-42		-5790		1.7487
-6585		-20		-5794		1.7551
-6563		-128		-11		1.76144
-24		7281		-41		1.76775
-17		-114		-13		1.77406
-15		7215		-15		1.78047
-6585		-107		-18		1.78914
-5		-110		-30		1.79531
-25		7268		-32		1.8016
-6544		7237		-9		1.80805
-6554		7472		-23		1.8144
-6548		7526		-6076		1.82086
-6551		7269		-5819		1.82722
-6558		7281		-64		1.83344
-18		7184		-53		1.83983
-16		-1		-6040		1.84621
-44		-6		-85		1.85251
-53		-13		-79		1.87407
-19		-24		-6058		1.88055
-6580		7452		-5802		1.88689
-6555		7438		-5805		1.89327
-6542		7247		-9		1.89972
-6		7267		-23		1.90618
-20		-32		-6040		1.92886
-6388		-39		-5770		1.93545
-6587		-22		-5795		1.94197
-6563		-24		-32		1.94819
-13		7259		-16		1.9547
-6544		7518		-6059		1.96127
-109		7264		-5788		1.97261
-117		7269		-5805		1.97909
-119		-37		-46		1.98554
-23		-14		-60		1.99203
-11		-1		-6067		1.99837
-6566		-18		-5781		2.00463
-6557		-27		-5782		2.01102
-6550		-9		-26		2.01749
-6530		7178		-59		2.02397
-20		-2		-56		2.0334
-6392		-4		-6044		2.03967
-6568		7436		-5814		2.04612
-6578		7443		-5810		2.05265
-6538		7271		-30		2.05918
-26		7243		-38		2.06538
-27		7291		-35		2.07179
-10		7176		-20		2.07825
-6278		7177		-50		2.08472
-122		7170		-53		2.10977
-27		-23		-45		2.1166
-35		7174		-6064		2.1229
-6577		-24		-5786		2.12918
-6569		-16		-5780		2.13556
-6559		-24		-23		2.14226
-6538		7530		-5820		2.14864
-119		7278		-5794		2.17325
-6535		7186		-63		2.17963
-32		7426		-30		2.18597
-32		-9		-61		2.19249
-6381		-20		-5888		2.1989
-118		-11		-5874		2.22314
-6532		7462		-6044		2.2295
-6543		7519		-5812		2.23598
-6548		7262		-5815		2.24249
-6554		7255		-15		2.24886
-12		7253		-20		2.27312
-3		7255		-2		2.27942
-115		-23		-15		2.28577
-6547		7467		-43		2.29229
-32		-17		-6085		2.29908
-6596		-35		-5817		2.32303
-6566		7463		-48		2.32939
-6575		-127		-45		2.33573
-21		7291		-39		2.34222
-39		7457		-88		2.34878
-62		7469		-6073		2.37244
-52		7438		-5837		2.37883
-6596		-10		-5817		2.3852
-6581		7451		-5816		2.39165
-6558		-128		-5815		2.39834
-6554		7200		-66		2.42196
-43		7458		-60		2.42836
-27		-13		-6067		2.43466
-37		-12		-6064		2.44133
-6584		7283		-5822		2.44801
-6555		7291		-61		2.47056
-66		7216		-72		2.47708
-53		7450		-71		2.48332
-31		7427		-6079		2.4898
-6604		7425		-5827		2.49622
-6558		7471		-10		2.50284
-6565		7435		-6077		2.51369
-6536		-126		-5830		2.51992
-6530		7290		-59		2.52635
-6543		7288		-87		2.53298
-59		7183		-87		2.53936
-13		7431		-75		2.54568
-43		-16		-6067		2.55214
-6597		-3		-5819		2.55883
-6608		7439		-5818		2.56516
-6604		-123		-53		2.57165
-44		7270		-45		2.57794
-37		7445		-59		2.58426
-35		-5		-5809		2.59357
-6590		7473		-5822		2.59996
-6587		-8		-28		2.60633
-32		7273		-38		2.6127
-58		-107		-51		2.61926
-54		7259		-54		2.62607
-16		7205		-34		2.63248
-6581		7466		-35		2.63882
-6567		7453		-6082		2.64522
-6558		7521		-6057		2.65164
-6558		-118		-5812		2.65835
-6546		7285		-56		2.66461
-21		-56		-84		2.67087
-36		-11		-6078		2.67705
-6608		7449		-5810		2.68333
-50		7451		-74		2.68956
-9		-9		-6068		2.69757
-6549		7485		-29		2.70812
-6566		7485		-6074		2.71442
-6555		-128		-5805		2.72081
-6552		-114		-5804		2.72704
-6540		7187		-59		2.73347
-23		7424		-63		2.73992
-52		7438		-6075		2.74623
-44		-22		-5801		2.75273
-6587		-31		-5829		2.75908
-6557		7532		-49		2.76531
-34		-13		-5804		2.77168
-6586		-30		-5810		2.77975
-6564		-28		-39		2.78618
-17		7283		-32		2.79266
-6399		7267		-18		2.79902
-21		7287		-27		2.80536
-6554		7216		-40		2.81218
-6559		7489		-36		2.8186
-6554		7544		-6081		2.82485
-6567		-88		-5831		2.83135
-6562		-81		-51		2.83775
-36		-127		-37		2.84827
-33		-120		-47		2.85457
-33		7207		-32		2.86105
-6565		7481		-59		2.86741
-6582		7502		-34		2.87384
-6564		-119		-5813		2.88033
-6581		-98		-5798		2.88654
-6580		7279		-5828		2.89299
-6552		7181		-72		2.89961
-29		-125		-50		2.90595
-47		7289		-35		2.93049
-6570		7262		-39		2.93698
-6582		7475		-44		2.94329
-6561		7468		-6064		2.9497
-6563		7288		-47		2.95635
-6578		7485		-50		2.97804
-6551		7476		-6075		2.98441
-6551		7274		-5805		2.99084
-6565		-117		-5824		2.99712
-6549		7294		-68		3.00369
-6565		7291		-81		3.01045
-47		-5		-85		3.01701
-27		7452		-6073		3.02316
-6589		-2		-5808		3.02958
-6598		-5		-26		3.03589
-6589		7280		-37		3.04224
-10		7274		-51		3.04869
-37		7213		-36		3.05495
-6545		7459		-34		3.0613
-6533		7459		-24		3.06769
-6558		7446		-6070		3.0744
-125		7257		-5824		3.0807
-6564		7205		-62		3.08683
-29		7435		-67		3.09313
-35		7430		-6061		3.0995
-3		-61		-5783		3.10584
-6554		-22		-5782		3.1123
-6566		-48		-24		3.11882
-14		7252		-6		3.12509
-6397		7257		-25		3.13153
-6389		-117		-15		3.13804
-6576		-25		-5787		3.14451
-6566		7434		-24		3.16752
-6586		7268		-31		3.1739
-34		7263		-35		3.18017
-15		7249		-25		3.18671
-6556		7169		-7		3.19304
-120		7429		-18		3.19945
-126		7514		-5789		3.20572
-96		7251		-17		3.21195
-122		7184		-9		3.2201
-18		7189		-6140		3.22806
-116		7444		-3		3.23434
-128		7424		-6053		3.24077
-89		7477		-5788		3.24706
-6532		7250		-5786		3.2535
-121		7175		-28		3.2599
-6641		-27		-17		3.26603
-21		-6		-6034		3.2724
-27		-15		-5792		3.27879
-6572		7171		-38		3.2854
-19		-14		-48		3.30751
-12		-36		-6041		3.31388
-6563		-4		-5794		3.32027
-6580		-46		-30		3.32649
-6562		-19		-34		3.33313
-14		7533		-6065		3.33979
-22		-125		-37		3.36701
-28		7224		-36		3.37342
-6546		7200		-32		3.37983
-6551		7438		-6082		3.38636
-43		7289		-40		3.39266
-44		7260		-42		3.40155
-22		7186		-34		3.40782
-6558		7448		-27		3.41416
-6580		7535		-6074		3.42051
-123		-117		-5816		3.42683
-6535		7280		-67		3.43313
-38		-4		-58		3.43958
-29		-29		-41		3.44613
-30		-12		-6068		3.45265
-6574		-13		-5792		3.45894
-6581		-17		-41		3.46507
-45		7274		-51		3.47149
-9		7285		-46		3.47784
-43		7229		-57		3.48421
-6562		7482		-48		3.49059
-6566		7497		-6096		3.49691
-6564		7548		-5836		3.50313
-6552		7290		-5830		3.50955
-6564		7453		-6086		3.51615
-6554		7285		-5824		3.5376
-6564		7258		-73		3.54403
-51		7449		-86		3.55038
-39		7469		-6083		3.55651
-60		7440		-5812		3.56285
-6627		-1		-5823		3.56935
-6568		7478		-6075		3.57601
-6564		-128		-5826		3.60028
-6564		7290		-5815		3.60669
-6536		-120		-87		3.613
-6565		7180		-74		3.61963
-30		-124		-5827		3.6262
-6562		-118		-81		3.6479
-28		7198		-57		3.65432
-27		7428		-6072		3.66065
-22		7173		-6056		3.66691
-6565		-13		-5820		3.67337
-6600		7442		-5827		3.68008
-43		-104		-45		3.6863
-38		7291		-65		3.69251
-40		7238		-45		3.69904
-6581		7461		-41		3.70528
-6574		7496		-6114		3.71173
-6554		7531		-5811		3.71802
-121		7257		-5817		3.72437
-6562		7206		-45		3.73071
-22		-15		-66		3.73719
-26		-20		-6054		3.74368
-124		-23		-5782		3.74982
-6564		-34		-5803		3.75631
-6565		-26		-20		3.76273
-6584		-39		-5814		3.76911
-6565		-30		-30		3.77665
-6572		7270		-1		3.783
-13		7266		-44		3.7895
-6571		7237		-34		3.79563
-6568		7488		-6090		3.8018
-6568		7282		-35		3.80808
-20		7226		-22		3.81702
-16		7195		-25		3.82336
-6551		7470		-19		3.82982
-6550		7434		-6062		3.83616
-124		-122		-5803		3.84253
-6533		7269		-62		3.84888
-44		-12		-93		3.85505
-41		7442		-74		3.86143
-62		7450		-6092		3.86819
-6562		7438		-29		3.8745
-28		7547		-56		3.90073
-63		-93		-62		3.9071
-29		7274		-36		3.91351
-6581		7452		-43		3.91978
-6577		7190		-66		3.94543
-49		7452		-88		3.95182
-60		7456		-6087		3.95819
-26		7428		-6106		3.9646
-6607		-98		-52		3.97124
-48		-97		-40		3.99063
-40		7295		-30		3.99696
-34		7241		-42		4.00329
-6558		7477		-49		4.00969
-6533		7531		-6070		4.01611
-6567		7195		-5793		4.02255
-6565		7425		-5789		4.04693
-6567		7268		-31		4.05343
-6		7292		-23		4.0597
-33		7258		-29		4.06622
-49		7194		-13		4.0728
-6387		7255		-19		4.07919
-11		7239		-10		4.10046
-127		-2		-10		4.10692
-6531		7446		-6049		4.11322
-94		7522		-5803		4.11957
-128		7226		-5780		4.12605
-6540		7254		-57		4.13271
-6652		-16		-54		4.13907
-10		-6		-6062		4.14523
-23		-18		-5813		4.15156
-6582		7430		-5809		4.15804
-6557		-18		-44		4.16433
-11		-126		-33		4.17072
-4		7246		-12		4.17702
-15		7213		-29		4.18342
-6557		7219		-11		4.19023
-128		-4		-5883		4.19668
-125		7498		-5801		4.20304
-6536		7292		-5813		4.20921
-126		-7		-42		4.21552
-36		-11		-70		4.22179
-26		7454		-6058		4.22819
-26		7431		-5809		4.23473
-6601		7447		-5817		4.2411
-6591		7281		-36		4.24727
-38		7281		-44		4.25364
-3		-108		-26		4.26012
-6540		7270		-5807		4.26687
-112		7265		-56		4.2781
-6536		-37		-65		4.28434
-52		7453		-86		4.29078
-47		7461		-6086		4.29706
-6574		-27		-5801		4.30357
-6565		-34		-21		4.31002
-6556		7270		-5886		4.31626
-5		7247		-16		4.32276
-17		7277		-14		4.32947
-38		-25		-62		4.33574
-15		7428		-56		4.36004
-11		-12		-6041		4.36648
-6300		-42		-5787		4.37271
-6548		-29		-5786		4.37938
-6309		7430		-18		4.38594
-6538		7454		-6059		4.39706
-6537		7507		-5788		4.40341
-116		7273		-50		4.40984
-118		-57		-45		4.41608
-9		-20		-44		4.42245
-2		-39		-6045		4.42879
-6535		7442		-5792		4.43515
-6570		7440		-5802		4.4416
-6545		7436		-24		4.44835
-6550		7551		-6054		4.45928
-126		7279		-5801		4.46553
-127		7274		-67		4.47184
-23		-5		-50		4.47828
-22		-44		-6041		4.4846
-6579		-24		-5793		4.49082
-6592		-13		-5823		4.49721
-6559		-9		-5819		4.50399
-52		7451		-64		4.51036
-62		-13		-6057		4.51909
-6626		7481		-5821		4.52537
-6577		7442		-5829		4.53173
-6600		7289		-40		4.53812
-42		-113		-57		4.54451
-39		-107		-52		4.55099
-2		7218		-54		4.55744
-6559		7210		-33		4.5638
-6564		7446		-27		4.57039
-11		7435		-81		4.57671
-37		7180		-5801		4.58787
-6574		7443		-5808		4.59421
-6589		-11		-26		4.60061
-33		7279		-39		4.60692
-40		-116		-43		4.61334
-19		7191		-34		4.61982
-6531		7475		-28		4.6262
-6559		7470		-22		4.63253
-6546		7543		-5809		4.63905
-6595		7444		-52		4.64539
-25		-105		-43		4.66937
-51		7292		-45		4.67574
-66		7269		-46		4.68208
-59		7220		-45		4.68853
-6567		7484		-48		4.69527
-6571		7445		-6066		4.70183
-6561		-126		-5830		4.70814
-6555		-13		-6058		4.71444
-6623		7424		-5831		4.72588
-6589		-1		-57		4.73221
-69		-124		-64		4.73863
-45		-107		-45		4.74486
-23		7209		-29		4.75126
-128		7428		-11		4.75763
-6548		7468		-6074		4.76381
-6546		-106		-6076		4.77036
-6536		7531		-5815		4.77717
-34		7426		-6055		4.78371
-6583		-29		-5798		4.8091
-6606		7430		-30		4.81546
-6585		7434		-45		4.82178
-14		7263		-35		4.82853
-124		-18		-26		4.83488
-12		7430		-71		4.85891
-60		7483		-6073		4.86528
-29		7446		-6075		4.87172
-6568		-26		-5801		4.87824
-6539		7513		-5811		4.88486
-6538		7285		-5811		4.90845
-6535		-10		-43		4.91487
-25		7430		-41		4.92115
-18		7426		-43		4.92764
-6572		7282		-41		4.93435
-117		-7		-34		4.95617
-5		-64		-42		4.9626
-6388		-38		-6035		4.9693
-13		-34		-6061		4.97557
-33		7429		-6071		4.98222
-6565		-14		-5827		4.98905
-6577		-1		-24		4.99546
-22		7547		-48		5.00175
-6555		7281		-5809		5.0082
-124		7254		-5791		5.01915
-6560		7207		-70		5.02552
-46		7456		-80		5.03194
-60		7468		-94		5.03843
-58		7442		-6092		5.04507
-6591		-22		-5819		5.05138
-6609		7463		-5817		5.05786
-6596		7430		-63		5.06445
-6614		-119		-55		5.07111
-59		7450		-5845		5.07756
-6596		7447		-5805		5.08601
-6602		-3		-42		5.09248
-6612		7448		-68		5.0988
-55		-74		-58		5.10546
-57		-122		-51		5.11177
-6570		7504		-40		5.12429
-6584		7460		-6067		5.13095
-6572		-98		-5824		5.13741
-6564		-110		-88		5.14374
-6552		7178		-92		5.15009
-38		-19		-51		5.15649
-25		-16		-6053		5.16272
-6542		7433		-5797		5.16913
-6561		-40		-32		5.17548
-20		-125		-34		5.18194
-20		7291		-41		5.18811
-6553		-23		-27		5.19442
-25		7250		-26		5.21639
-6380		7260		-37		5.223
-19		7182		-13		5.22926
-126		7430		-19		5.23556
-6548		7455		-12		5.242
-6534		7439		-6065		5.24864
-6586		-6		-37		5.26351
-6647		7272		-30		5.27882
-17		-119		-31		5.28516
-38		7213		-28		5.29141
-42		7193		-22		5.29789
-17		7272		-59		5.3045
-32		7292		-47		5.32614
-6548		7175		-15		5.33273
-124		7456		-6065		5.33909
-6534		7549		-6092		5.34538
-6547		7259		-5807		5.35184
-6549		7264		-5791		5.35872
-123		7171		-59		5.36492
-6386		-37		-25		5.37113
-11		-37		-6018		5.37748
-6295		-43		-5779		5.38373
-6568		-27		-29		5.39001
-6646		7269		-10		5.3965
-19		7264		-15		5.40286
-6394		7279		-24		5.40922
-6		7206		-17		5.41592
-125		7452		-19		5.42268
-6570		7450		-6052		5.42888
-6542		7283		-5811		5.43498
-6543		7249		-54		5.44135
-46		-19		-48		5.44783
-24		-17		-58		5.45406
-40		7445		-5795		5.46043
-6608		-13		-5803		5.46669
-6568		-58		-21		5.473
-6569		7255		-32		5.47953
-120		-12		-43		5.48629
-20		7455		-55		5.4956
-26		-14		-5806		5.50184
-6570		-33		-5776		5.50823
-6561		7424		-22		5.51458
-6549		7275		-34		5.52091
-4		7236		-36		5.52736
-42		7173		-4		5.53362
-127		7450		-24		5.54003
-6542		7443		-6041		5.54638
-113		-32		-37		5.55303
-15		-56		-5767		5.56428
-6308		-39		-5801		5.57051
-6564		-58		-6		5.57699
-6649		7240		-28		5.58326
-38		-106		-23		5.58964
-6		7178		-4		5.59602
-96		7467		-29		5.60223
-6557		7438		-37		5.60879
-6535		7519		-6088		5.61549
-6537		7238		-5807		5.63217
-116		-29		-46		5.64166
-15		-27		-33		5.64806
-28		7428		-6046		5.65439
-6575		-24		-6051		5.66087
-6558		7434		-5792		5.6676
-6577		-22		-35		5.67404
-6540		7433		-6058		5.68524
-6562		7536		-5816		5.69143
-6530		7238		-5792		5.69788
-6529		7219		-49		5.70428
-38		7445		-57		5.71068
-6396		-2		-32		5.71718
-15		-35		-6027		5.72342
-6591		7442		-5792		5.73005
-6552		-38		-5807		5.73655
-6556		-49		-4		5.74311
-21		7274		-9		5.74951
-16		7262		-27		5.75602
-2		7235		-31		5.76266
-3		-9		-3		5.76899
-6554		7203		-32		5.77584
-6539		7436		-23		5.78213
-6535		7436		-6069		5.78877
-36		-19		-5814		5.79533
-6598		7433		-5817		5.80593
-18		7443		-6060		5.81241
-14		-36		-43		5.8202
-6541		7295		-5799		5.82807
-6553		7549		-6069		5.8359
-6545		7468		-16		5.84361
-6564		-120		-6063		5.85122
-6566		7436		-18		5.85727
-6555		7441		-37		5.86473
-6535		7293		-32		5.8719
-126		7449		-21		5.87943
-34		7172		-2		5.88693
-6391		7275		-18		5.89419
-22		7425		-46		5.90075
-18		7262		-43		5.91565
-24		7292		-31		5.92213
-34		7205		-21		5.92859
-123		7184		-35		5.93489
-60		7247		-46		5.94232
-6540		7493		-27		5.94868
-6530		7183		-22		5.95493
-11		-121		-26		5.96256
-6573		-22		-45		5.97039
-6583		-97		-28		5.97799
-22		-15		-35		5.98471
-9		-119		-5790		5.99182
-6558		7293		-5807		5.99918
-6580		-24		-6061		6.00674
-6564		-28		-5813		6.01425
-21		7451		-6060		6.02066
-34		-123		-49		6.02794
-30		7281		-32		6.03976
-6		7258		-17		6.04623
-9		7199		-27		6.05295
-19		-1		-11		6.05984
-126		7428		-35		6.06632
-16		7204		-16		6.07297
-6535		7178		-2		6.08031
-6557		7438		-39		6.08687
-21		7230		-18		6.09455
-9		7227		-23		6.10217
-6554		7452		-34		6.10823
-44		7238		-29		6.11445
-6394		7279		-33		6.1219
-36		7285		-47		6.12922
-31		-18		-26		6.1367
-6537		7270		-56		6.14426
-24		-27		-54		6.15404
-6		-5		-60		6.16031
-14		7430		-6063		6.16679
-6586		7443		-5821		6.17346
-6577		-23		-5797		6.17991
-6572		-33		-5797		6.18649
-6590		-1		-11		6.19317
-19		7259		-15		6.19964
-23		7271		-25		6.20628
-6387		7242		-6140		6.21287
-5		7213		-35		6.21913
-6563		7448		-20		6.22548
-6548		7457		-27		6.23207
-6556		7460		-6080		6.23874
-6551		7294		-5832		6.24532
-6552		7544		-6069		6.25153
-6566		7483		-19		6.25895
-36		7270		-38		6.26654
-6601		7447		-5825		6.27562
-6559		7469		-28		6.28305
-6567		7448		-33		6.29449
-6563		7535		-6080		6.30114
-125		7520		-5820		6.30742
-6532		7254		-71		6.31401
-121		-57		-58		6.32034
-31		-19		-66		6.32684
-30		7449		-6069		6.3332
-26		-16		-6055		6.3399
-6597		7451		-5816		6.34618
-6596		-16		-5808		6.35284
-6570		7266		-43		6.35916
-48		-119		-51		6.36561
-46		7280		-28		6.37243
-29		7246		-34		6.37877
-26		7211		-28		6.38502
-6549		7292		-23		6.39207
-32		7270		-50		6.39926
-32		7285		-31		6.40673
-36		-117		-44		6.41389
-12		-112		-38		6.42131
-14		-124		-37		6.42771
-24		7287		-34		6.43404
-6399		7187		-34		6.44069
-6561		7479		-33		6.44713
-6555		7551		-5825		6.45343
-6547		7264		-5804		6.4597
-117		7284		-40		6.46599
-122		-23		-35		6.47261
-10		-2		-47		6.47892
-28		-44		-6060		6.48533
-6581		7430		-5815		6.49168
-6588		7428		-64		6.49806
-6603		-120		-50		6.50451
-22		7265		-24		6.51105
-15		7276		-50		6.51761
-24		7212		-17		6.52387
-6398		7286		-24		6.53013
-19		7264		-44		6.53741
-34		7274		-25		6.54478
-6654		7285		-25		6.55221
-6561		-25		-5802		6.55927
-6564		-55		-23		6.56725
-6		7270		-49		6.57358
-14		7283		-19		6.57993
-7		7270		-11		6.58634
-21		7215		-12		6.59307
-6547		7472		-20		6.59935
-6544		-1		-21		6.60589
-6533		7238		-5785		6.61253
-6537		7242		-5795		6.61886
-115		7256		-23		6.62518
-6539		-126		-70		6.63178
-26		-5		-47		6.63848
-28		7434		-64		6.64495
-9		-31		-6060		6.65153
-23		-36		-6042		6.65769
-46		-1		-6059		6.66499
-15		7425		-53		6.67198
-6384		7426		-46		6.67904
-26		-24		-77		6.68654
-42		7256		-5808		6.69372
-6536		7188		-83		6.70128
-40		-20		-55		6.70746
-13		-27		-6058		6.71391
-6580		-23		-5809		6.72025
-6577		-3		-5817		6.72666
-6580		-34		-41		6.7333
-14		7547		-42		6.73964
-25		7287		-42		6.74611
-32		-123		-35		6.75262
-18		7192		-30		6.75923
-6551		7445		-13		6.76569
-6555		7457		-6072		6.77215
-6568		-78		-5837		6.77859
-6568		7278		-5844		6.7849
-6560		-110		-5829		6.79142
-6567		-121		-6081		6.79876
-6588		-106		-6080		6.80592
-6566		-115		-5812		6.81294
-6554		-92		-5816		6.82006
-6579		-114		-6070		6.82639
-42		7435		-6079		6.83364
-32		-4		-5813		6.84502
-6574		7425		-5820		6.85141
-6586		-13		-38		6.85777
-36		-123		-49		6.86412
-23		7277		-22		6.87073
-6386		7271		-11		6.87701
-6542		7445		-28		6.88358
-6555		7465		-6077		6.88989
-6541		7494		-6070		6.89629
-6533		7458		-6061		6.90314
-6544		7539		-5808		6.90995
-6531		7250		-67		6.91622
-117		7245		-5807		6.92269
-6530		-30		-29		6.9296
-15		7429		-51		6.93588
-23		7273		-49		6.94967
-27		-116		-44		6.96046
-15		7202		-27		6.96702
-6543		7508		-47		6.9734
-6570		7484		-6090		6.9798
-6546		-118		-5802		6.98612
-6548		-127		-5816		6.99249
-6555		7247		-35		6.999
-6550		7175		-55		7.00565
-23		-10		-66		7.01223
-6541		-36		-68		7.01954
-6547		7204		-75		7.02574
-6564		7284		-66		7.03278
-6556		7278		-5813		7.04023
-6549		-15		-57		7.04732
-6535		-22		-72		7.068
-2		-44		-53		7.07464
-34		7437		-6056		7.08089
-32		-17		-5800		7.08725
-6576		-14		-5814		7.0937
-6576		-124		-45		7.10008
-30		7267		-62		7.10656
-52		-128		-38		7.11287
-43		7170		-40		7.11931
-6563		7229		-39		7.12571
-6570		7241		-43		7.13293
-44		-107		-45		7.1405
-26		-118		-52		7.14775
-33		7295		-58		7.15534
-44		7271		-57		7.16151
-39		-108		-50		7.16803
-6554		7199		-45		7.17449
-6546		7469		-16		7.18091
-6541		7506		-6073		7.18728
-6548		-118		-5821		7.19363
-120		7274		-5789		7.20016
-6543		-122		-63		7.20671
-127		-9		-70		7.21338
-16		-8		-74		7.2198
-36		7454		-6084		7.22618
-6577		-5		-5826		7.23246
-6569		-3		-5797		7.23894
-6589		-33		-5813		7.24563
-6598		7428		-50		7.25301
-51		7465		-90		7.26094
-27		-7		-67		7.268
-7		7265		-39		7.27559
-3		7260		-34		7.28577
-6540		7210		-43		7.29218
-6561		7451		-25		7.29844
-6549		7494		-6075		7.30484
-6565		7511		-6063		7.31171
-6561		7278		-5807		7.31822
-6553		7221		-41		7.32469
-35		7232		-71		7.33096
-51		7435		-62		7.33722
-14		-17		-6049		7.34366
-6563		-11		-5793		7.35027
-6586		-34		-5812		7.35664
-6582		7277		-7		7.36304
-6580		7432		-48		7.37019
-6593		7436		-5783		7.37658
-6553		-35		-5791		7.38402
-6561		-16		-5800		7.391
-6562		-12		-5814		7.39803
-6607		7450		-6072		7.40544
-30		-5		-5831		7.41264
-6576		7447		-5807		7.4192
-6550		-31		-70		7.42582
-10		-21		-41		7.43441
-5		7446		-6068		7.44068
-64		7181		-6067		7.44713
-6599		7442		-5821		7.4539
-6599		7477		-5826		7.46031
-6579		7291		-39		7.46682
-24		-96		-36		7.47328
-34		-110		-39		7.47973
-41		-81		-46		7.48607
-6567		7221		-42		7.49265
-6587		7476		-43		7.49923
-6593		7491		-6078		7.50553
-6567		-101		-6073		7.51207
-6560		7267		-5830		7.51865
-6559		7295		-83		7.52508
-66		7454		-92		7.53141
-6589		7186		-91		7.5385
-6558		-110		-81		7.54512
-6566		7276		-5815		7.55216
-124		7293		-5820		7.55932
-6545		7244		-53		7.56638
-19		7280		-5815		7.57286
-127		7184		-5826		7.58011
-6531		7479		-37		7.58725
-6551		-4		-6085		7.59555
-6568		7547		-5808		7.60212
-6539		7261		-5801		7.60861
-6547		7249		-56		7.6149
-6540		-8		-54		7.62146
-16		-3		-38		7.62806
-16		7424		-54		7.63467
-20		-2		-6051		7.64128
-1		-47		-6054		7.64783
-6568		-6		-5813		7.65442
-6585		-28		-43		7.6609
-6568		7260		-24		7.66724
-5		7286		-22		7.67403
-12		7218		-13		7.68051
-14		7284		-38		7.68687
-6394		7262		-16		7.69329
-6400		7210		-12		7.70062
-7		7207		-6144		7.70696
-3		7232		-3		7.7144
-23		7275		-14		7.72187
-1		7257		-39		7.72826
-6585		-48		-5783		7.737
-6575		-1		-5812		7.74355
-6560		-13		-5786		7.75095
-15		-46		-5788		7.75795
-6586		-10		-6037		7.765
-6578		-13		-5780		7.77234
-6		7435		-6064		7.77866
-16		-14		-5786		7.79317
-6563		7438		-5793		7.79961
-6573		-35		-32		7.80606
-10		7244		-22		7.81247
-25		7266		-31		7.81906
-29		-123		-15		7.82567
-24		7212		-48		7.83217
-6563		7450		-25		7.83856
-6555		7471		-24		7.84489
-6562		7520		-5812		7.85142
-6555		7293		-5820		7.85782
-6537		7295		-5805		7.86453
-6555		-120		-5812		7.87084
-6556		7512		-5809		7.87833
-6545		7473		-6065		7.88541
-6546		7448		-27		7.89277
-6540		7528		-6063		7.90028
-6541		7264		-5822		7.9064
-6567		-125		-5831		7.91352
-6400		7264		-22		7.91989
-6554		7174		-28		7.94243
-6541		7454		-8		7.94875
-127		7234		-6061		7.95503
-6533		7270		-5812		7.96141
-6540		7272		-52		7.96804
-6559		7179		-75		7.97428
-34		7274		-49		7.98075
-17		7232		-22		7.99126
-6546		7438		-36		7.99758
-6574		7471		-29		8.00393
-6563		7532		-5813		8.01033
-128		7276		-5807		8.01683
-6549		7278		-56		8.02319
-28		7178		-91		8.02959
-29		7175		-64		8.03596
-20		-127		-27		8.04694
-34		7202		-55		8.05324
-6537		7482		-5885		8.05962
-6546		7480		-6073		8.06609
-6568		-121		-5810		8.0727
-6537		-114		-5801		8.07903
-114		7192		-58		8.08538
-27		-14		-59		8.09171
-6651		-6		-54		8.09804
-26		7425		-6047		8.10468
-40		7429		-65		8.11677
-38		7452		-6075		8.13246
-6618		7437		-5832		8.13887
-6595		7453		-34		8.14506
-6607		-111		-39		8.15155
-56		-121		-56		8.15801
-6555		7458		-17		8.16455
-6563		7460		-6090		8.19097
-6561		7533		-6069		8.19744
-6559		-102		-5837		8.20393
-38		-11		-6064		8.21067
-6592		7468		-5842		8.2219
-6592		-20		-64		8.22826
-6596		-121		-40		8.23457
-27		7270		-36		8.241
-32		7216		-45		8.24737
-6572		7218		-37		8.25382
-6562		7479		-47		8.26032
-6540		7472		-6067		8.26684
-6550		-103		-5822		8.27309
-6543		7290		-64		8.27935
-22		-8		-36		8.28576
-21		-10		-56		8.29227
-6398		-39		-6046		8.29859
-6578		-59		-5793		8.3049
-6572		-31		-19		8.31123
-6576		7268		-40		8.31769
-14		-127		-25		8.32417
-3		7264		-30		8.33099
-6387		7250		-5		8.3376
-6390		-28		-8		8.34422
-120		7453		-36		8.3505
-6537		7464		-6059		8.35693
-6536		7530		-5796		8.36333
-6540		7232		-5817		8.36977
-6532		7182		-62		8.37627
-30		7431		-55		8.38249
-37		7442		-6072		8.38887
-25		-41		-6052		8.39532
-6543		7286		-5798		8.40175
-124		7254		-55		8.41091
-12		-1		-57		8.41723
-31		-26		-40		8.42356
-37		7433		-6043		8.43004
-6562		-30		-5801		8.43648
-6563		-6		-2		8.44277
-6584		7549		-45		8.44924
-23		-123		-11		8.45568
-50		-122		-5810		8.4621
-6529		-11		-61		8.48665
-6397		-23		-49		8.49305
-33		-8		-6064		8.49925
-6569		-26		-5782		8.5057
-6561		-37		-5791		8.51231
-3		-2		-44		8.51878
-17		-54		-6059		8.54081
-6586		7430		-5798		8.54725
-6575		-22		-38		8.55358
-6555		7523		-38		8.56003
-61		-85		-80		8.56662
-33		7230		-66		8.57281
-6571		7487		-7		8.57904
-6574		7476		-6094		8.58539
-6564		7528		-5816		8.59182
-6557		7248		-5828		8.59812
-6568		7283		-68		8.60462
-32		7174		-63		8.61111
-8		-3		-85		8.61747
-36		7444		-6071		8.62399
-6604		7451		-5827		8.6306
-6604		7462		-51		8.63683
-59		-112		-48		8.64306
-51		-74		-67		8.64938
-49		7234		-71		8.65578
-6563		7454		-30		8.66214
-6542		7448		-6077		8.66852
-6559		7287		-5835		8.67477
-6553		-126		-5844		8.68108
-6551		7283		-5820		8.68769
-6576		7451		-5814		8.69453
-6575		7424		-5818		8.72002
-6592		-126		-41		8.72644
-6604		7546		-52		8.73286
-7		7264		-31		8.73963
-6551		7527		-5805		8.75565
-6539		7280		-5799		8.77145
-117		7228		-52		8.77769
-6561		7169		-57		8.78426
-6400		7200		-8		8.79097
-120		7425		-19		8.80073
-6561		7454		-6060		8.80705
-6541		7514		-5797		8.81349
-6529		7274		-5782		8.82012
-128		7252		-63		8.82649
-6540		-24		-35		8.83275
-6		-15		-47		8.83933
-11		-22		-50		8.84577
-6572		-23		-5779		8.85231
-6598		7439		-5807		8.85847
-6589		-2		-46		8.86489
-6576		-38		-5802		8.87146
-6576		-37		-11		8.87887
-6575		7266		-43		8.88538
-18		7274		-35		8.89185
-13		7220		-20		8.89806
-6530		7460		-5885		8.90413
-6546		7249		-5813		8.91056
-6547		7226		-5791		8.93728
-127		-19		-56		8.94374
-26		7203		-52		8.95014
-36		7285		-21		8.95673
-6556		7200		-40		8.96715
-6533		7491		-24		8.97349
-6537		7508		-6067		8.98001
-6532		-125		-5784		8.98622
-6532		7260		-65		8.99254
-30		-36		-62		8.99901
-14		-7		-51		9.0054
-6		-15		-14		9.01197
-6391		-4		-5768		9.01849
-6571		-40		-5789		9.02465
-6561		7247		-5874		9.03094
-6645		7242		-27		9.03732
-14		-122		-17		9.04384
-6393		-20		-23		9.05028
-6540		7451		-31		9.05655
-6553		7536		-6080		9.06295
-123		7271		-5822		9.06929
-6544		7279		-5796		9.07579
-6547		7202		-57		9.08227
-49		-6		-73		9.08839
-46		7427		-6078		9.09481
-6585		-48		-5788		9.10116
-6572		-17		-18		9.10751
-6569		7271		-17		9.11393
-6653		7271		-61		9.12027
-35		7225		-47		9.12666
-6560		7224		-48		9.13305
-6581		7499		-62		9.13968
-6550		7476		-30		9.14648
-6546		7543		-5820		9.15273
-6545		7272		-5819		9.1591
-6549		7198		-97		9.16541
-61		7196		-86		9.17171
-73		7440		-74		9.17827
-33		-20		-6076		9.18477
-6597		7440		-5834		9.19117
-6608		7432		-5822		9.19757
-6586		-128		-52		9.20407
-65		7295		-56		9.21049
-17		-66		-47		9.21691
-56		7284		-50		9.22324
-50		7486		-41		9.23099
-6572		-105		-6111		9.25671
-6575		-109		-5838		9.2631
-6587		-103		-77		9.26949
-72		7213		-81		9.27589
-32		7448		-58		9.28209
-124		7257		-32		9.29461
-26		-5		-60		9.31044
-17		-33		-6063		9.31685
-23		-14		-6046		9.32317
-6571		-10		-5802		9.32951
-6545		7430		-5788		9.33609
-5		7281		-9		9.3424
-6400		7253		-12		9.34856
-7		7283		-14		9.35519
-127		7470		-25		9.36144
-6531		7435		-18		9.36783
-6541		7525		-6071		9.37439
-6557		7278		-5811		9.38077
-6545		7293		-70		9.38711
-31		7169		-64		9.39351
-35		-3		-41		9.40009
-18		-14		-5805		9.40627
-6576		-51		-5787		9.41242
-6569		-29		-8		9.41909
-6589		-116		-12		9.42549
-38		7280		-29		9.43188
-22		7274		-17		9.43828
-6391		-7		-16		9.4448
-6534		7205		-30		9.45121
-6567		7470		-38		9.45806
-6539		7446		-6051		9.46465
-6532		7280		-5807		9.47084
-123		7271		-55		9.47714
-15		-17		-49		9.48344
-38		-21		-45		9.48989
-20		7434		-6073		9.49618
-6584		-11		-5801		9.50261
-6586		-7		-45		9.50886
-6587		-113		-2		9.51538
-29		7267		-65		9.522
-6547		7448		-17		9.54111
-6551		7427		-6055		9.54745
-6549		7530		-6062		9.5541
-113		7268		-5810		9.56081
-6552		7260		-5806		9.56721
-6531		7243		-72		9.57419
-6557		7195		-101		9.58056
-63		7457		-83		9.58705
-50		7445		-94		9.59338
-54		7459		-6069		9.60007
-6599		7471		-5828		9.60662
-59		-15		-6080		9.61408
-41		-5		-6082		9.6205
-6555		-115		-5850		9.62996
-6579		-94		-106		9.63625
-6572		7202		-75		9.64267
-42		7434		-60		9.64914
-26		-7		-6052		9.65551
-6578		-12		-5816		9.66203
-6583		-6		-5802		9.66884
-6566		7441		-39		9.67524
-6577		7253		-44		9.68162
-24		-105		-34		9.6881
-22		7295		-31		9.6945
-37		7183		-42		9.70098
-6570		7233		-37		9.70757
-6551		-6		-14		9.71401
-6542		7484		-38		9.72061
-6541		7528		-43		9.72764
-6537		7454		-6081		9.73485
-6555		7546		-5815		9.74116
-6543		7454		-6059		9.74757
-27		7278		-16		9.75672
-2		7244		-5803		9.76303
-6545		7244		-45		9.77465
-6530		7175		-47		9.78126
-38		-1		-50		9.78758
-30		-10		-6076		9.79418
-6561		-19		-5761		9.80051
-6552		-49		-5802		9.8068
-6568		7425		-24		9.81353
-6531		7226		-26		9.81991
-22		7294		-38		9.82655
-20		-127		-35		9.83286
-35		-119		-38		9.83987
-6547		7225		-31		9.84628
-6542		7433		-27		9.85274
-6564		7486		-6075		9.85923
-6542		-128		-5800		9.86559
-6548		-122		-63		9.87183
-6541		7509		-5818		9.87806
-6556		7262		-5802		9.88599
-6573		7201		-65		9.89226
-6548		7465		-26		9.89864
-6540		7436		-6057		9.90749
-6550		7536		-5813		9.91406
-6535		7289		-5807		9.92036
-6529		-1		-70		9.92674
-40		-22		-77		9.93325
-38		-5		-6080		9.93951
-6610		7436		-5823		9.94574
-6592		7464		-5823		9.95226
-6596		-14		-69		9.959
-30		-105		-55		9.96517
-6594		-109		-84		9.97149
-70		7207		-93		9.99577
-54		7472		-6088		10.0021
-54		7487		-6085		10.0084
-6603		7428		-5823		10.0149
-6580		7439		-51		10.0214
-68		7494		-89		10.0439
-62		7450		-96		10.0505
-49		7441		-5831		10.057
-6604		7439		-5805		10.0633
-6590		-15		-5826		10.0697
-6592		7433		-69		10.0764
-53		7277		-55		10.0829
-50		7289		-30		10.089
-43		7209		-63		10.0956
-6563		7508		-53		10.102
-6560		7515		-6124		10.1083
-6556		7547		-5828		10.1148
-6585		-95		-5857		10.1212
-6584		-113		-84		10.1277
-6541		7176		-94		10.1343
-86		7452		-82		10.1408
-70		7454		-6111		10.147
-6619		7456		-5843		10.1535
-6624		7479		-5822		10.1599
-6620		7460		-63		10.1664
-49		-127		-48		10.1729
-51		7278		-54		10.1792
-37		7237		-44		10.1856
-53		7247		-42		10.1921
-6575		7441		-34		10.199
-6577		7545		-5838		10.2053
-6566		-103		-5837		10.2115
-6556		7278		-81		10.2179
-6558		7188		-88		10.2243
-47		7477		-76		10.2307
-27		-14		-6071		10.2373
-6582		7442		-5822		10.2436
-6580		-42		-5806		10.25
-6564		7446		-54		10.2565
-24		7514		-6077		10.2629
-6541		-119		-5815		10.2741
-6534		-126		-5819		10.2804
-6540		7174		-75		10.2868
-43		7430		-73		10.2931
-24		7436		-6062		10.2995
-6577		-20		-5800		10.3058
-6570		7425		-5804		10.3121
-6572		-24		-26		10.3186
-6648		7514		-6056		10.3252
-6601		7424		-5825		10.3335
-6600		-27		-5792		10.3398
-6581		7270		-53		10.3464
-39		7287		-46		10.3527
-10		7250		-7		10.3592
-6396		7284		-35		10.3658
-6550		7190		-10		10.3723
-122		7430		-11		10.3787
-6544		7490		-5804		10.3853
-6542		7493		-6070		10.3917
-11		-3		-5784		10.403
-6564		-41		-6067		10.4094
-6588		7442		-5795		10.4164
-6564		-43		-5815		10.4229
-6560		7242		-7		10.4294
-21		7253		-38		10.4358
-18		7244		-11		10.4422
-126		-35		-1		10.4486
-114		-14		-5886		10.455
-120		7239		-11		10.4618
-6		7279		-7		10.4843
-22		7224		-21		10.4908
-6397		7210		-11		10.4972
-6551		7442		-5881		10.5035
-6551		7466		-21		10.51
-6554		7449		-6050		10.5166
-6541		7512		-5804		10.5442
-120		7509		-5810		10.5508
-6541		7239		-5792		10.5574
-6550		7186		-10		10.5639
-6552		7449		-6		10.5864
-118		7504		-6041		10.5929
-122		7218		-5789		10.5992
-6530		7282		-5803		10.6058
-106		7288		-59		10.6123
-17		-29		-41		10.6188
-8		-5		-35		10.6252
-51		7447		-6039		10.6319
-12		-37		-6052		10.6384
-6556		7441		-5791		10.6451
-6584		-31		-5793		10.6516
-6562		-19		-5803		10.6582
-6565		-33		-28		10.665
-6557		7280		-25		10.6714
-6636		7251		-1		10.6782
-6374		7226		-6144		10.6845
-7		7275		-3		10.6911
-25		-4		-18		10.6977
-8		7198		-27		10.7048
-6282		7530		-6067		10.7113
-127		7231		-5805		10.724
-6532		7275		-51		10.7304
-6530		-44		-63		10.7367
-128		-7		-44		10.7433
-16		7430		-66		10.75
-6396		-16		-6035		10.7565
-41		7432		-6055		10.763
-6582		-31		-5798		10.7695
-6564		-44		-5786		10.776
-6592		-28		-5814		10.7829
-6578		7262		-51		10.7894
-5		7283		-7		10.7961
-6654		7278		-26		10.8028
-6562		7261		-13		10.8092
-6567		7437		-25		10.8167
-6568		-35		-28		10.8239
-6300		-18		-5800		10.8309
-6586		7432		-5814		10.8382
-6538		7284		-46		10.8448
-6531		7169		-45		10.8544
-18		-27		-38		10.8608
-38		7434		-6059		10.8673
-19		-20		-6058		10.8737
-12		-34		-5795		10.8803
-6566		7442		-5801		10.8872
-6554		-20		-5783		10.894
-6583		-43		-5790		10.9007
-6569		7251		-5885		10.9073
-12		7266		-24		10.9138
-15		7254		-17		10.9202
-9		7222		-15		10.9269
-6399		7218		-6128		10.9335
-6285		7203		-9		10.9401
-6396		7201		-19		10.9473
-17		7264		-17		10.9537
-3		7256		-17		10.9608
-21		-18		-6053		10.9681
-26		7427		-6044		10.9846
-6578		-31		-5791		10.9912
-6552		-6		-44		10.9975
-6574		-128		-37		11.004
-37		7279		-31		11.0102
-25		7178		-23		11.0166
-6546		7452		-26		11.023
-6537		7511		-6072		11.0292
-6543		-121		-5802		11.0355
-6569		-34		-5815		11.042
-6577		-26		-26		11.0666
-29		7271		-35		11.0731
-23		7294		-46		11.0795
-24		-98		-66		11.0862
-6559		-4		-5794		11.0928
-6577		-32		-5790		11.1155
-6571		7239		-19		11.122
-6637		7236		-31		11.1284
-45		7274		-41		11.1349
-24		-126		-37		11.1416
-124		7175		-9		11.1479
-6533		7491		-6062		11.1542
-6531		7505		-5814		11.1606
-6531		7275		-5791		11.1668
-6539		-31		-41		11.1731
-24		7428		-52		11.1795
-4		-21		-6036		11.1859
-13		-17		-5806		11.1923
-6563		7426		-5804		11.1988
-6559		7267		-17		11.2053
-17		-123		-41		11.2115
-23		-119		-18		11.2178
-12		7204		-28		11.2242
-6582		7500		-45		11.2308
-6565		7431		-6083		11.2371
-6532		7545		-5831		11.2434
-6563		-117		-5810		11.2497
-6549		7191		-94		11.2562
-6567		7211		-71		11.2626
-51		7470		-85		11.2694
-44		7455		-5830		11.2757
-6613		-17		-5818		11.2818
-6607		-95		-33		11.2882
-23		7288		-34		11.2946
-33		-121		-44		11.3009
-17		7186		-13		11.3074
-6552		7425		-16		11.3137
-6548		7471		-6070		11.3201
-6552		7518		-6093		11.3266
-120		7444		-21		11.3333
-6540		7450		-23		11.355
-6555		7496		-6052		11.3615
-116		7275		-5820		11.3679
-6544		7269		-51		11.3742
-6536		-18		-54		11.3807
-24		-22		-47		11.3873
-6538		7444		-6064		11.4007
-123		7267		-5816		11.4165
-6546		7283		-80		11.4228
-6562		7176		-71		11.4292
-22		-9		-52		11.4358
-12		-3		-49		11.4425
-4		-32		-6055		11.4488
-6566		-52		-5809		11.4552
-6563		-23		-18		11.4615
-6580		7286		-5		11.468
-6655		7269		-5874		11.4744
-6395		7248		-6141		11.4807
-3		7175		-2		11.4872
-12		-9		-3		11.4937
-6534		7435		-9		11.5007
-122		7442		-6057		11.5071
-6541		7526		-5800		11.5137
-6532		7247		-5795		11.5202
-115		-118		-5775		11.5267
-6537		7285		-46		11.5332
-39		7173		-65		11.5398
-42		-36		-45		11.5465
-29		7439		-6086		11.5529
-6571		-4		-5816		11.5593
-6554		-24		-5788		11.5656
-6585		-27		-25		11.5723
-17		7533		-31		11.5786
-19		7267		-33		11.585
-12		7211		-29		11.5915
-122		7514		-6065		11.5979
-6547		7267		-5795		11.6241
-124		7269		-57		11.6305
-6541		-43		-51		11.6369
-6		-9		-52		11.6434
-6534		7274		-5789		11.65
-6535		7287		-48		11.665
-6531		-16		-42		11.6714
-17		-29		-63		11.6779
-33		-10		-6068		11.6843
-6311		-11		-5792		11.6908
-6563		-34		-5814		11.6971
-6578		-12		-33		11.7038
-6566		7525		-24		11.7104
-41		-88		-36		11.7169
-6565		7532		-5828		11.7234
-6578		-118		-5830		11.7349
-6558		7204		-61		11.7412
-45		7181		-85		11.7475
-27		-24		-78		11.754
-37		7177		-5802		11.7605
-6579		-8		-5822		11.7668
-6586		7428		-5806		11.7732
-6576		7435		-24		11.78
-26		-16		-52		11.7864
-20		7429		-46		11.7956
-24		7434		-6043		11.802
-6565		-18		-5792		11.8084
-6563		-23		-5764		11.8147
-6566		7239		-20		11.8212
-4		7247		-38		11.8276
-7		7278		-5		11.834
-22		7203		-16		11.8407
-6538		7185		-14		11.8473
-6536		7462		-31		11.8537
-123		7252		-16		11.86
-6395		7171		-6140		11.8822
-120		-5		-5886		11.8887
-6535		7439		-6049		11.895
-6531		7510		-6055		11.9015
-6535		7491		-6069		11.9081
-6537		7259		-5819		11.9149
-6536		7281		-5786		11.9214
-6533		7252		-5790		11.9279
-6530		7445		-14		11.935
-6531		-1		-6042		11.9434
-6537		7524		-5808		11.9499
-125		7262		-5778		11.9564
-6531		7272		-5801		11.9631
-118		7187		-69		11.9695
-23		-7		-43		11.9759
-12		7466		-59		11.9825
-13		7448		-6048		11.989
-6557		-6		-5801		11.9954
-6560		-46		-5788		12.0018
-6564		-42		-5790		12.0084
-6550		7248		-18		12.0152
-7		7283		-10		12.0215
-6392		-17		-48		12.028
-9		-32		-6045		12.0373
-6563		-31		-5794		12.0439
-6553		7264		-52		12.0599
-6557		7197		-29		12.0663
-26		-17		-49		12.0726
-21		7445		-6051		12.0792
-6585		-64		-5783		12.0855
-6576		-5		-5801		12.0919
-6568		-26		-16		12.0985
-6552		7278		-19		12.1051
-20		7289		-18		12.1114
-6		7198		-28		12.1176
-6540		7450		-21		12.124
-21		7435		-48		12.1351
-10		-52		-6034		12.1414
-6571		-47		-5799		12.1479
-6573		7425		-5802		12.1543
-6572		-22		-11		12.1607
-6641		7255		-8		12.1671
-6399		7254		-20		12.1735
-1		-1		-5885		12.1799
-107		-14		-5883		12.1863
-126		7446		-6049		12.1925
-6532		7247		-5784		12.199
-115		7267		-6		12.2054
-6292		-38		-5777		12.2133
-6548		-58		-5886		12.2233
-6582		7283		-32		12.2298
-9		7237		-28		12.2362
-5		7246		-11		12.2426
-6392		7244		-15		12.249
-6531		7205		-8		12.2558
-6535		7455		-5886		12.2622
-101		-17		-6057		12.2688
-108		7275		-5785		12.2751
-6538		7236		-33		12.2814
-6		-15		-6040		12.2877
-6398		-54		-6035		12.3142
-6562		-51		-5803		12.3208
-6533		-28		-12		12.3272
-6554		7204		-16		12.3336
-6537		7452		-6046		12.3588
-6530		7500		-6044		12.3655
-109		7225		-5789		12.3721
-109		7502		-5791		12.3787
-6571		-23		-26		12.3893
-7		7278		-19		12.3957
-12		7279		-23		12.4021
-2		7188		-5		12.4086
-122		7447		-13		12.415
-104		7431		-5880		12.4215
-121		7453		-6048		12.4279
-116		7493		-5783		12.4345
-128		7219		-5805		12.4413
-6539		-19		-33		12.4475
-11		-64		-46		12.4538
-12		-9		-43		12.4602
-10		-56		-6056		12.4667
-6579		7433		-5784		12.4731
-6561		-21		-28		12.4795
-6550		7280		-15		12.4858
-4		7256		-32		12.4924
-19		-117		-21		12.4989
-23		7213		-56		12.5055
-6388		-26		-63		12.5295
-28		-2		-6061		12.536
-6574		7430		-5790		12.5423
-6594		7431		-34		12.5487
-6587		7260		-28		12.5552
-6		7262		-5815		12.5616
-6286		7433		-5787		12.5699
-6540		-21		-15		12.5763
-7		7543		-16		12.5826
-29		7277		-33		12.5891
-1		7190		-37		12.5954
-6548		7486		-14		12.6018
-6549		-2		-6049		12.6083
-6557		7250		-5804		12.6146
-111		7263		-5796		12.6212
-6535		7266		-5792		12.6277
-6542		-16		-38		12.6339
-22		-22		-55		12.6402
-20		-34		-6054		12.6467
-5		-52		-6018		12.6532
-6545		-9		-5813		12.6596
-6585		-19		-45		12.6659
-30		7281		-26		12.6722
-29		7276		-45		12.6788
-27		-125		-5807		12.6854
-111		-118		-5811		12.6967
-125		-21		-53		12.7031
-36		-9		-45		12.7096
-30		-19		-6066		12.7159
-35		-11		-5804		12.7224
-6584		7435		-5792		12.7288
-6576		-16		-39		12.7351
-6597		-114		-35		12.7417
-33		7270		-37		12.7483
-11		7173		-5799		12.7547
-6559		-11		-5817		12.7634
-6580		-7		-39		12.7697
-30		7542		-33		12.7762
-7		-120		-18		12.7825
-40		7190		-58		12.789
-6555		7444		-57		12.7953
-6581		7450		-6061		12.8016
-6568		7523		-6058		12.8081
-6552		7524		-6066		12.8149
-38		-125		-3		12.8382
-13		7274		-14		12.8445
-6561		7493		-31		12.8509
-6566		7440		-30		12.8574
-6535		7457		-24		12.8639
-6584		-12		-5803		12.8707
-6577		7428		-51		12.8807
-6564		7283		-40		12.8871
-16		7261		-49		12.8937
-17		7282		-21		12.9003
-21		7206		-2		12.9068
-6556		7453		-30		12.9131
-6544		7470		-6065		12.9196
-6548		7528		-5794		12.926
-6547		7282		-5822		12.9322
-6535		7278		-76		12.9386
-6536		7267		-39		12.9453
-32		-18		-68		12.952
-52		7445		-76		12.9585
-6557		7174		-88		12.9651
-6576		7472		-68		12.9727
-6573		-100		-5849		12.9814
-6574		7295		-5827		12.9878
-6560		-117		-5831		12.9944
-6561		7199		-89		13.0009
-50		7188		-86		13.0074
-38		7429		-79		13.0141
-40		7447		-6074		13.0205
-47		7434		-6087		13.0271
-6595		7485		-5849		13.0337
-6635		7473		-5857		13.0403
-6622		7459		-55		13.0468
-6601		7443		-49		13.0533
-51		-110		-65		13.0601
-79		-69		-75		13.0663
-52		7498		-81		13.0736
-6620		-72		-5851		13.0809
-6557		-108		-5839		13.0884
-6577		7233		-89		13.0977
-60		7503		-102		13.104
-67		7501		-6093		13.1106
-63		7456		-5844		13.1169
-6636		7436		-5852		13.1234
-6613		7472		-5843		13.1299
-6640		-63		-94		13.1364
-82		-92		-102		13.143
-99		-64		-96		13.1497
-67		-83		-78		13.156
-100		7261		-80		13.1627
-6609		7268		-88		13.1694
-6581		7494		-72		13.1759
-6595		7511		-6119		13.1824
-6573		-118		-5849		13.1887
-6586		-104		-6118		13.195
-6602		7499		-6109		13.2024
-6633		-81		-70		13.2097
-72		-52		-85		13.219
-78		-37		-73		13.2254
-6572		7264		-36		13.2318
-6605		7515		-49		13.2383
-6586		7492		-6094		13.2447
-6604		7536		-5835		13.2511
-6579		-115		-5813		13.2575
-6541		7276		-73		13.2639
-6536		-30		-54		13.2707
-27		7426		-76		13.2771
-37		-7		-6053		13.2835
-50		7437		-6067		13.29
-33		-36		-6075		13.2968
-6609		7431		-6059		13.3036
-46		7464		-5819		13.3109
-50		7433		-6072		13.3174
-23		7440		-77		13.3244
-28		7175		-50		13.3318
-22		7288		-20		13.343
-6535		7200		-15		13.3495
-6553		7455		-24		13.3558
-6538		7494		-6057		13.3622
-6564		7524		-6074		13.3689
-6554		-125		-5837		13.3755
-6548		7284		-5806		13.382
-6543		7175		-70		13.3884
-43		7456		-48		13.3949
-57		7459		-6074		13.4012
-31		7426		-6072		13.4077
-6592		-16		-5812		13.4144
-6570		-3		-5815		13.4211
-36		7436		-5823		13.4276
-52		7469		-61		13.4349
-35		7447		-51		13.4423
-21		-15		-74		13.4496
-36		-6		-58		13.4569
-6536		7545		-5815		13.4632
-6567		7284		-5814		13.4721
-6542		-121		-64		13.4788
-6549		7187		-84		13.4853
-51		7211		-62		13.4919
-33		7492		-55		13.4985
-49		7461		-80		13.505
-49		7429		-6080		13.5116
-6591		7438		-5820		13.5181
-6589		7424		-46		13.5245
-50		7287		-18		13.5308
-27		7281		-33		13.5373
-42		7294		-47		13.5441
-20		7180		-39		13.5506
-31		-124		-33		13.5578
-36		-113		-71		13.5641
-29		7283		-42		13.5713
-6568		7277		-24		13.5787
-6564		-27		-30		13.5861
-125		7428		-20		13.5931
-6654		7290		-16		13.6116
-6587		-19		-5803		13.6201
-6573		-33		-5787		13.6288
-6579		7443		-36		13.6352
-6584		-36		-5813		13.6418
-6557		-20		-11		13.649
-6569		7268		-5794		13.6554
-6561		-9		-5798		13.6628
-6580		-100		-49		13.6697
-4		7255		-47		13.676
-6400		7273		-18		13.6825
-6397		-9		-14		13.6889
-25		7247		-24		13.6951
-6273		-7		-37		13.7027
-6543		7463		-6074		13.7089
-6555		7257		-30		13.7151
-6562		7454		-3		13.7366
-121		7429		-6054		13.7432
-6530		7524		-5793		13.7497
-114		7267		-5813		13.7563
-6550		-125		-73		13.7625
-6531		7178		-77		13.769
-32		7255		-5799		13.7755
-6547		7272		-5818		13.7975
-6535		7185		-63		13.8039
-28		-20		-61		13.8103
-10		-3		-6066		13.8166
-10		-55		-6051		13.8232
-6558		-16		-5803		13.83
-6574		-52		-33		13.8364
-6575		7516		-39		13.8426
-16		7288		-40		13.8491
-21		7262		-17		13.8554
-29		7187		-23		13.8619
-6561		7442		-33		13.8684
-6546		7522		-6083		13.8747
-6563		7286		-5797		13.8811
-6536		7279		-5814		13.8875
-6546		-111		-67		13.894
-40		7436		-52		13.9006
-41		-10		-6058		13.9067
-6565		-20		-5807		13.9131
-6573		-12		-5795		13.9195
-6592		-102		-26		13.9258
-8		7268		-6		13.9323
-40		7278		-25		13.9385
-6559		7212		-38		13.9448
-6561		-5		-47		13.9513
-6569		7430		-39		13.9579
-26		7183		-11		13.9662
-6542		7220		-20		13.9724
-6558		7436		-39		13.979
-6536		7530		-6069		13.9854
-128		7514		-5802		13.9919
-124		7270		-5817		13.9984
-6538		7259		-50		14.0049
-3		-10		-58		14.0114
-6652		-28		-52		14.018
-6384		7433		-32		14.0244
-26		-99		-30		14.0361
-26		7289		-27		14.0424
-9		7200		-52		14.0488
-6555		7444		-23		14.0553
-6530		7455		-6050		14.0617
-6533		7273		-5816		14.0682
-6537		7250		-5814		14.0745
-6529		7249		-44		14.081
-6529		7437		-29		14.0878
-6576		7477		-6069		14.0964
-6552		-124		-5811		14.1027
-6553		7276		-5814		14.1092
-6568		7254		-69		14.1157
-35		7171		-55		14.1222
-25		7426		-6056		14.1286
-39		7431		-6064		14.1349
-6594		-3		-5821		14.1414
-6570		-9		-5794		14.1482
-6549		7457		-30		14.1548
-6563		7499		-6061		14.1797
-6547		7470		-5806		14.186
-6529		7541		-5818		14.1928
-6543		7273		-5819		14.1995
-121		7273		-42		14.2059
-47		7200		-61		14.2123
-25		7194		-21		14.2187
-31		7200		-13		14.2362
-107		7458		-5888		14.2426
-6551		7434		-6080		14.249
-6539		7509		-5799		14.2554
-115		7262		-5813		14.2618
-127		7248		-60		14.2682
-6541		7255		-72		14.2747
-7		-17		-62		14.2814
-6552		7541		-6053		14.2899
-120		7548		-5816		14.2968
-6535		-124		-5799		14.3033
-6533		7177		-55		14.3096
-13		7190		-31		14.316
-6532		7460		-28		14.3256
-116		7450		-6078		14.3319
-6531		7531		-5801		14.3384
-6553		7275		-5813		14.3447
-6543		7278		-45		14.3512
-6534		7280		-59		14.3577
-23		7456		-54		14.3645
-37		7438		-6080		14.3708
-43		7170		-5812		14.3773
-6593		-28		-5821		14.3837
-6575		-9		-39		14.3902
-6562		7475		-55		14.4155
-6561		7483		-6097		14.4219
-6554		-88		-6091		14.4284
-6543		7534		-5823		14.4352
-6555		7483		-43		14.4416
-6591		-94		-43		14.4659
-48		7276		-44		14.4725
-36		7292		-45		14.479
-29		7189		-31		14.4855
-6563		7464		-25		14.492
-6553		7549		-6062		14.4982
-6531		7293		-5806		14.5044
-6539		7258		-5819		14.5108
-6561		7182		-87		14.5175
-28		-2		-77		14.5238
-38		7439		-6071		14.5302
-6595		-13		-5839		14.5365
-6584		-17		-5823		14.543
-6584		7426		-5816		14.5496
-6592		-122		-60		14.5561
-52		-98		-33		14.5623
-6396		7286		-52		14.5691
-11		7262		-17		14.5756
-6574		7458		-18		14.582
-6545		7440		-43		14.5885
-6557		7542		-6070		14.5949
-6543		7275		-5800		14.6012
-6543		-123		-77		14.6076
-6532		7276		-63		14.6142
-6544		7446		-13		14.6208
-6564		7458		-6056		14.6297
-6545		7527		-6068		14.6361
-6541		7279		-5811		14.6429
-6550		7280		-44		14.6493
-127		7176		-57		14.6558
-26		-7		-39		14.662
-15		-7		-39		14.6686
-35		7429		-6056		14.6752
-6594		7182		-5807		14.6817
-6564		7190		-5806		14.6882
-6565		7283		-31		14.7154
-20		7264		-23		14.7219
-15		7284		-29		14.7286
-24		7197		-29		14.7349
-23		-121		-34		14.7413
-6550		7176		-37		14.7691
-6557		7452		-6		14.7756
-6556		7490		-6054		14.7822
-6581		7426		-5820		14.7996
-6578		7424		-52		14.8059
-14		7273		-23		14.8122
-3		7246		-17		14.8186
-13		7252		-16		14.825
-6548		7174		-6		14.8315
-6556		7449		-19		14.8382
-6550		7443		-6061		14.8446
-6529		7515		-5793		14.8509
-6540		7273		-5789		14.8572
-121		7276		-49		14.8637
-101		-78		-35		14.8703
-36		-46		-46		14.8768
-12		-11		-6026		14.8832
-6535		-22		-5798		14.8896
-6579		7426		-5799		14.8962
-6580		7443		-5800		14.9028
-6584		7545		-31		14.9092
-18		7258		-24		14.9155
-24		-122		-24		14.9218
-6558		7447		-19		14.9283
-127		7471		-31		14.9347
-6542		7514		-5791		14.9411
-128		7249		-5790		14.9474
-6530		7245		-46		14.9537
-11		-43		-30		14.9602
-22		7440		-7		14.9667
-6540		7467		-6051		14.9758
-6533		7286		-5803		14.9822
-6546		7279		-52		14.9886
-117		-48		-76		14.9951
-7		-41		-38		15.0014
-5		-4		-6057		15.0078
-6551		-18		-5801		15.0142
-6570		-14		-5795		15.0205
-6562		-42		-2		15.0273
-6537		-128		-5847		15.0338
-6539		-110		-71		15.0575
-28		7445		-85		15.064
-37		7464		-6063		15.0703
-41		-14		-6075		15.0768
-6584		7290		-32		15.0833
-6604		7293		-5826		15.0961
-6557		7179		-62		15.1059
-34		7430		-44		15.1124
-42		7472		-6056		15.1189
-6579		-8		-5814		15.1251
-6582		7443		-5832		15.1315
-6571		-3		-34		15.138
-50		7429		-6078		15.1444
-6607		7435		-5808		15.1664
-6599		-24		-5807		15.1731
-6594		-125		-60		15.1795
-22		7288		-36		15.1859
-1		-120		-58		15.1923
-58		-90		-67		15.1991
-52		7232		-42		15.2054
-58		-123		-61		15.2118
-28		-114		-49		15.2339
-24		7235		-35		15.2403
-6572		7491		-48		15.2466
-6591		7498		-6090		15.253
-6561		-114		-5826		15.2593
-6589		-109		-5841		15.2659
-6580		-117		-5850		15.2727
-6569		-2		-89		15.279
-70		7215		-78		15.2855
-60		7455		-87		15.292
-66		7451		-6070		15.2986
-6589		7468		-5831		15.305
-6607		7464		-5831		15.3115
-6586		-3		-63		15.318
-48		-110		-61		15.3244
-25		7256		-16		15.331
-11		7272		-28		15.3375
-6542		7439		-23		15.3437
-6553		7436		-23		15.35
-128		7540		-5791		15.3565
-126		7276		-5811		15.3628
-113		7284		-49		15.3694
-6529		7171		-49		15.3759
-25		-21		-67		15.3822
-35		7454		-6083		15.3887
-37		-13		-6053		15.3951
-26		7266		-38		15.4018
-40		7221		-34		15.4273
-6563		7487		-23		15.4337
-6543		7443		-32		15.44
-6571		7549		-5816		15.4466
-40		7451		-54		15.4725
-4		-7		-95		15.4789
-43		7455		-69		15.4856
-44		7463		-24		15.4924
-23		7200		-40		15.5034
-6568		7472		-39		15.5097
-6533		7482		-6058		15.5162
-6532		7536		-5820		15.5226
-6545		7275		-5803		15.5291
-107		-126		-48		15.5356
-6542		7183		-60		15.5421
-6551		7207		-70		15.5485
-27		-9		-66		15.5553
-28		-15		-6060		15.5615
-6567		7429		-5791		15.5679
-6603		-5		-28		15.5742
-6580		-27		-42		15.5808
-6566		7269		-16		15.5875
-18		7234		-9		15.5941
-28		7269		-23		15.6004
-4		-17		-2		15.607
-6276		7182		-6068		15.6137
-6580		-44		-5773		15.6236
-6577		-13		-5797		15.63
-6585		7289		-15		15.6363
-6647		7244		-24		15.6426
-25		-122		-40		15.649
-6541		7186		-15		15.6554
-110		7444		-13		15.6617
-6554		7495		-6078		15.6681
-6558		-125		-5821		15.6747
-26		-21		-58		15.681
-31		-5		-6059		15.7002
-13		-54		-5786		15.7068
-6585		-18		-5785		15.7132
-6575		-17		-33		15.7196
-6582		-119		-50		15.7259
-22		7269		-30		15.7325
-47		7437		-64		15.7424
-7		-9		-6068		15.7488
-30		-22		-5800		15.7552
-6574		7452		-5807		15.7618
-6578		7439		-20		15.7681
-15		7287		-44		15.7746
-9		7285		-33		15.7808
-16		7260		-44		15.7873
-4		7187		-5828		15.7942
-6588		-122		-47		15.8027
-6577		7529		-29		15.809
-27		-126		-30		15.8156
-6393		7207		-6142		15.822
-6538		-20		-14		15.8284
-6537		7440		-18		15.835
-115		7500		-6054		15.8412
-6537		7269		-5801		15.8476
-6546		7287		-5824		15.8544
-12		-35		-6045		15.8608
-6575		-29		-5797		15.8865
-6578		-12		-12		15.8928
-6576		7262		-33		15.8993
-42		7280		-34		15.9059
-6532		7455		-2		15.9316
-6550		7470		-6081		15.9383
-6549		-128		-5832		15.9448
-6564		-122		-5828		15.9514
-6544		7250		-5829		15.9579
-6553		7266		-83		15.9646
-61		-8		-84		15.9712
-36		-99		-57		15.9816
-6565		7246		-33		15.9879
-6569		7514		-35		15.9946
-6574		7477		-49		16.0011
-6566		-109		-6087		16.0075
-6569		-104		-5842		16.0141
-6541		7261		-5835		16.0206
-6574		-121		-101		16.0269
-71		7461		-98		16.0334
-40		7464		-86		16.0397
-76		7453		-5833		16.0462
-6579		7499		-64		16.0614
-6563		7503		-6080		16.0772
-6553		-102		-5823		16.0834
-6566		-88		-5813		16.09
-6548		7541		-5836		16.0969
-6541		7278		-5823		16.1036
-39		7281		-11		16.1101
-37		7210		-45		16.1332
-6562		7525		-44		16.1399
-6552		7541		-6076		16.1462
-6543		-126		-5839		16.1525
-6577		-112		-5848		16.1592
-6597		-99		-51		16.1656
-57		-111		-70		16.176
-70		-79		-67		16.1825
-50		7229		-66		16.1889
-6570		7512		-45		16.1953
-6585		7503		-6113		16.2019
-6578		7538		-5846		16.2081
-6571		7281		-5820		16.2145
-6549		-94		-71		16.2212
-66		7218		-47		16.2278
-6592		7501		-19		16.2366
-6546		7490		-6077		16.2431
-6543		7489		-5797		16.2495
-6533		7249		-5797		16.2559
-108		-23		-59		16.2623
-20		-16		-26		16.2685
-18		7434		-6035		16.275
-25		-19		-6049		16.2817
-8		7194		-31		16.2883
-28		7191		-22		16.2993
-6554		7427		-25		16.3059
-6551		7462		-6068		16.3124
-6553		-128		-5835		16.3188
-6536		7259		-46		16.3252
-6531		-4		-61		16.3315
-27		7445		-61		16.3378
-25		-27		-6053		16.3442
-24		-20		-22		16.3509
-6543		7201		-1		16.3619
-6550		-2		-28		16.3682
-6562		-124		-6072		16.3747
-6550		7292		-5805		16.3811
-6546		7271		-5808		16.3876
-6534		-17		-39		16.394
-9		-14		-51		16.4003
-2		7427		-6050		16.4068
-6392		-15		-5788		16.4133
-101		7234		-40		16.4222
-117		-9		-23		16.4285
-28		-6		-34		16.4349
-8		7426		-6042		16.4414
-6568		-24		-5771		16.4477
-6552		-44		-17		16.454
-6567		-124		-17		16.4602
-6		7257		-5886		16.4667
-6379		7256		-29		16.4733
-6546		7546		-5834		16.4798
-6560		7287		-5835		16.5054
-6565		-95		-105		16.5119
-6584		7223		-97		16.5184
-59		7502		-36		16.525
-6583		-9		-5836		16.5512
-6607		7487		-49		16.5575
-6610		-119		-56		16.5641
-34		7200		-5819		16.5708
-6618		-111		-48		16.592
-40		-127		-63		16.5985
-22		-115		-65		16.6053
-32		7277		-6		16.6118
-31		7234		-33		16.6183
-6587		7468		-47		16.6249
-6547		7453		-6067		16.6313
-6548		7464		-6064		16.6376
-6572		7465		-6098		16.6451
-6534		7513		-5828		16.6514
-6564		-115		-5827		16.6577
-6574		-73		-79		16.6642
-24		7208		-66		16.6706
-34		7437		-80		16.6771
-45		7430		-6063		16.6836
-42		7440		-5819		16.6902
-6581		7442		-5814		16.6967
-6581		-29		-53		16.7031
-17		7537		-41		16.7096
-38		-100		-55		16.716
-49		7480		-6093		16.7223
-53		7170		-5824		16.7317
-6602		7430		-5842		16.7382
-6586		7432		-41		16.7447
-51		-100		-54		16.7512
-45		-119		-55		16.7575
-46		-126		-31		16.7639
-6556		7209		-33		16.7704
-6567		7462		-63		16.7767
-6570		7470		-6048		16.7834
-124		7240		-6063		16.7901
-32		7196		-32		16.7965
-6572		7488		-22		16.8049
-6547		7426		-31		16.8114
-6543		7445		-6055		16.8181
-6532		7267		-5821		16.8245
-125		7280		-5807		16.8308
-6541		7434		-40		16.8372
-9		-3		-42		16.8455
-31		-35		-32		16.8641
-21		-4		-6045		16.8707
-6564		-41		-5793		16.8769
-6556		-50		-5790		16.8833
-6599		-110		-41		16.89
-38		7273		-61		16.8963
-14		7248		-34		16.9026
-6567		7501		-33		16.9089
-6650		7292		-27		16.9309
-3		7272		-23		16.9374
-13		7188		-35		16.9438
-6556		7466		-33		16.9504
-6567		7431		-31		16.9568
-6556		7441		-6086		16.9634
-6534		7278		-5837		16.9698
-6551		7268		-63		16.9761
-116		-32		-52		16.9825
-6652		-13		-65		16.9891
-11		-19		-6050		16.9954
-35		-7		-5798		17.0018
-6570		-32		-5801		17.0082
-6561		-22		-23		17.0145
-14		7242		-19		17.021
-7		7236		-14		17.0275
-12		7215		-17		17.0338
-6536		7438		-8		17.0401
-6572		7465		-6086		17.0465
-6554		-115		-5818		17.053
-113		7276		-5803		17.0595
-6567		7199		-64		17.0657
-37		7432		-77		17.072
-4		-3		-6079		17.0784
-43		7449		-5814		17.085
-6605		7425		-5809		17.0914
-6559		7259		-38		17.0976
-26		7268		-36		17.104
-15		7283		-34		17.1105
-19		7279		-42		17.1168
-25		7193		-37		17.1239
-6552		-1		-10		17.1302
-128		7437		-5876		17.1367
-6541		7532		-5804		17.1432
-6544		7250		-5805		17.1495
-124		7277		-68		17.156
-6		-38		-35		17.1624
-6397		-11		-44		17.1688
-32		-86		-47		17.1801
-11		-128		-20		17.1864
-24		7179		-13		17.1928
-6549		7431		-13		17.1994
-6555		7463		-6073		17.2057
-6539		-125		-5828		17.2121
-6566		7276		-5810		17.2183
-6580		7294		-55		17.2251
-21		7174		-57		17.2316
-20		-25		-5817		17.238
-6619		7438		-5815		17.2645
-6613		-11		-5810		17.271
-6598		7428		-47		17.2778
-33		7439		-62		17.2841
-34		-14		-6046		17.293
-6588		-5		-5801		17.2994
-6603		7441		-5808		17.3059
-6539		7518		-25		17.3124
-26		-126		-43		17.3187
-52		-116		-49		17.3253
-73		-84		-46		17.3317
-33		7216		-48		17.3383
-6549		7233		-38		17.3452
-6558		7493		-6077		17.3515
-6545		7548		-6076		17.3577
-6533		7268		-5792		17.3642
-6536		7280		-57		17.3705
-6550		-4		-73		17.3769
-26		-20		-80		17.3834
-36		7437		-6083		17.3898
-6584		-29		-5814		17.3962
-6558		-1		-5814		17.4027
-6562		7282		-40		17.4091
-18		-115		-43		17.4154
-52		-118		-50		17.4217
-6582		7239		-43		17.4282
-6571		7460		-33		17.4346
-6575		7538		-6067		17.4409
-6541		7257		-5803		17.4473
-116		-35		-49		17.4536
-12		-31		-34		17.4599
-8		-9		-38		17.4665
-29		7281		-50		17.473
-30		7444		-46		17.4807
-27		-11		-6072		17.4869
-10		-7		-5796		17.4935
-6576		-21		-5799		17.4999
-6574		-1		-40		17.5062
-6559		7263		-12		17.5128
-6		7267		-8		17.5191
-6399		7274		-3		17.5255
-16		7212		-19		17.5321
-6555		7279		-33		17.5388
-2		7255		-16		17.5601
-6533		7177		-31		17.5666
-6545		7467		-6075		17.573
-6571		7521		-6085		17.5794
-6545		7510		-5837		17.5858
-6541		7174		-5826		17.5925
-6535		7288		-63		17.6201
-6548		-113		-64		17.6265
-6546		7191		-71		17.6335
-43		7181		-65		17.6399
-6562		7464		-6072		17.649
-6540		7524		-5798		17.6553
-6541		7293		-5828		17.6618
-6533		-117		-5839		17.6683
-6552		-124		-5808		17.6757
-6539		7289		-5819		17.6824
-6583		-4		-76		17.6889
-26		7432		-72		17.6951
-43		-97		-50		17.7016
-6560		7220		-39		17.7122
-6571		7483		-32		17.7185
-6571		7487		-6075		17.7251
-6531		-111		-5836		17.7316
-6550		7286		-5845		17.7381
-6550		7180		-84		17.7443
-38		-6		-53		17.7508
-23		7436		-60		17.7573
-12		-23		-70		17.7782
-51		-27		-62		17.7849
-48		7448		-6079		17.7915
-6593		7426		-5795		17.7981
-6591		7424		-5798		17.8045
-6580		7425		-41		17.811
-6551		7237		-45		17.8174
-31		7274		-39		17.8238
-31		7281		-32		17.8303
-18		7210		-36		17.8369
-6557		7459		-32		17.8434
-6553		7472		-6087		17.8496
-6551		7542		-5821		17.8562
-6560		-125		-5816		17.8626
-6565		7285		-63		17.8691
-37		7179		-45		17.8756
-37		7439		-6066		17.8819
-6595		-12		-5815		17.8881
-6567		-21		-5784		17.8945
-6573		-125		-23		17.9008
-29		-124		-21		17.9072
-26		-114		-24		17.9136
-50		7223		-31		17.92
-6566		7506		-24		17.9264
-6562		7462		-33		17.9329
-6556		-119		-5803		17.9397
-6550		7266		-5822		17.9459
-6568		-122		-65		17.9522
-33		-30		-55		17.9586
-15		7443		-49		17.965
-24		-27		-6054		17.9714
-6583		-9		-5808		17.978
-6607		-12		-5815		17.9843
-6586		-115		-26		17.9908
-17		-125		-51		17.9972
-6536		7215		-34		18.0038
-6538		-13		-11		18.0303
-6540		7442		-6058		18.0367
-6561		7283		-5824		18.0431
-6546		7267		-76		18.0495
-40		7429		-80		18.0558
-57		7462		-6071		18.0825
-41		7431		-6075		18.0889
-6608		7439		-5811		18.0956
-8		-27		-52		18.1177
-34		7444		-55		18.1242
-22		-32		-6057		18.1309
-3		-53		-5787		18.1373
-6583		7431		-5788		18.1439
-6573		-15		-11		18.1504
-19		7277		-21		18.1567
-29		-119		-38		18.1629
-6578		7230		-35		18.1693
-6560		7474		-64		18.1756
-6618		-112		-5859		18.182
-6598		-93		-5839		18.1883
-6581		-71		-109		18.1948
-6599		7220		-88		18.2012
-55		7480		-88		18.2076
-54		7472		-74		18.2143
-37		7177		-63		18.2207
-6568		-22		-5820		18.2474
-6585		-7		-41		18.254
-6584		-92		-50		18.2607
-36		7292		-45		18.2674
-16		7265		-27		18.2737
-6571		-15		-5794		18.2801
-6560		-23		-28		18.3026
-6		-126		-23		18.3091
-12		7262		-33		18.3155
-6376		7255		-11		18.3221
-17		7217		-10		18.3289
-6536		7462		-33		18.3352
-6545		7435		-24		18.3415
-6557		7529		-5799		18.3482
-6563		7253		-5777		18.3545
-119		7255		-53		18.361
-28		-4		-57		18.3673
-6652		-36		-39		18.3737
-6		-38		-6033		18.3802
-6560		-30		-5806		18.3867
-6562		-37		-5815		18.3931
-8		7258		-33		18.3993
-4		7288		-25		18.4055
-12		7190		-6		18.412
-6280		7442		-23		18.4184
-6531		7463		-6063		18.4247
-6547		7497		-5807		18.4312
-126		7234		-5793		18.4376
-6533		-124		-50		18.4441
-6537		-2		-63		18.4505
-41		-47		-41		18.4571
-23		-42		-6059		18.4633
-6568		7428		-5797		18.4695
-6580		-15		-37		18.4758
-6655		7253		-8		18.4823
-3		7259		-11		18.4886
-17		7174		-7		18.495
-6549		7451		-17		18.5014
-6529		7458		-32		18.5079
-6559		7543		-6082		18.5143
-6538		7275		-5829		18.5208
-6567		7184		-79		18.5269
-54		7439		-78		18.5332
-53		-5		-6067		18.5397
-39		7436		-6059		18.5461
-6562		-6		-5798		18.5526
-6590		7428		-24		18.5589
-7		7245		-25		18.5652
-23		7276		-30		18.5716
-21		7275		-22		18.5782
-18		7282		-34		18.5847
-26		7224		-30		18.5919
-6538		7472		-20		18.5982
-6535		-4		-6059		18.6047
-6539		7497		-5807		18.6111
-6539		7285		-5797		18.6175
-6535		-8		-64		18.6239
-1		-32		-56		18.6302
-40		-9		-57		18.6367
-39		7427		-6074		18.6433
-28		7216		-36		18.6499
-6534		7471		-10		18.6605
-6533		7439		-6044		18.6669
-123		7523		-5801		18.6733
-6555		7265		-5800		18.6798
-6532		7262		-48		18.6864
-1		-2		-57		18.6927
-31		-9		-49		18.6991
-4		-17		-6035		18.7056
-9		-68		-58		18.712
-25		7431		-49		18.7201
-18		-21		-6051		18.7265
-6544		-4		-5805		18.7328
-6573		-21		-5796		18.7393
-6581		-24		-42		18.7457
-56		-125		-43		18.7522
-54		-119		-30		18.7585
-32		7201		-29		18.7648
-6569		7473		-43		18.7713
-6570		7473		-5824		18.7778
-6583		7549		-43		18.7874
-16		7236		-35		18.7938
-16		7288		-37		18.8002
-30		7182		-30		18.8065
-6547		7223		-54		18.8129
-6556		7460		-12		18.8196
-6584		-108		-6090		18.8259
-6558		-121		-5825		18.8323
-6543		-122		-5823		18.8391
-6585		-6		-5817		18.8455
-6560		7538		-41		18.8702
-21		7251		-26		18.8768
-25		7269		-40		18.8831
-44		7236		-44		18.8896
-31		-34		-5795		18.8961
-6573		7446		-5808		18.9195
-6564		-15		-5812		18.9261
-6551		-31		-26		18.9327
-6588		7293		-28		18.9395
-9		7277		-48		18.9462
-10		7262		-17		18.9525
-18		7213		-20		18.9588
-123		7454		-30		18.9653
-6538		7446		-6061		18.9716
-120		7464		-6057		18.9785
-6536		7537		-5790		18.9849
-117		7280		-5797		18.9914
-113		7275		-5790		18.998
-6540		7276		-52		19.0047
-124		-18		-52		19.0114
-3		7438		-28		19.0179
-6556		7195		-15		19.0242
-6537		7445		-19		19.0413
-6533		7532		-6058		19.0476
-6533		7276		-5807		19.0541
-6536		7279		-54		19.0605
-6533		-5		-70		19.0669
-40		-16		-66		19.0734
-40		7440		-5811		19.0801
-6552		7520		-6050		19.0887
-118		7229		-5787		19.0957
-6530		7267		-49		19.102
-35		-19		-60		19.1083
-34		-18		-50		19.1146
-40		-24		-57		19.1211
-6578		7274		-21		19.1291
-6		7234		-21		19.1397
-29		7276		-30		19.146
-6555		7209		-18		19.1525
-6532		7434		-18		19.159
-6549		7462		-6073		19.1657
-6542		7546		-5818		19.1721
-6537		7261		-5816		19.1786
-112		7284		-27		19.185
-5		-8		-54		19.1914
-6550		7248		-3		19.1979
-3		7243		-12		19.2089
-11		7176		-29		19.2153
-6536		-2		-11		19.2216
-6553		7481		-23		19.2281
-6560		-128		-5810		19.2346
-6533		7272		-5811		19.2408
-6541		7280		-62		19.2472
-6529		-15		-53		19.2538
-6546		7176		-10		19.2603
-6547		7448		-32		19.2697
-128		7463		-6061		19.2765
-6538		7531		-6067		19.2829
-102		-114		-5831		19.2895
-112		7236		-5807		19.296
-6536		-36		-65		19.3024
-34		-4		-48		19.3087
-26		7425		-60		19.3153
-18		7269		-19		19.3221
-22		7233		-39		19.3469
-32		7183		-25		19.3534
-6556		7426		-14		19.3599
-6540		7476		-6068		19.3664
-6543		7529		-36		19.3729
-6569		7262		-11		19.3964
-5		7262		-29		19.4029
-36		-98		-26		19.4093
-10		7197		-22		19.4158
-6537		7438		-18		19.4224
-6530		7459		-6050		19.4288
-6534		7526		-5798		19.4352
-6530		7281		-5809		19.4415
-6533		7175		-48		19.448
-20		-34		-44		19.4542
-22		-24		-6056		19.4606
-9		-21		-5783		19.4672
-6577		-33		-5805		19.4735
-6574		-19		-34		19.48
-6568		7517		-41		19.4867
-24		7268		-29		19.493
-4		7238		-3		19.4993
-117		7196		-10		19.5058
-107		7434		-3		19.5123
-127		7210		-5803		19.5186
-102		7484		-5780		19.5251
-111		7275		-5803		19.5315
-6529		7265		-5791		19.5383
-126		7262		-55		19.545
-6531		7169		-69		19.5514
-13		7435		-14		19.558
-14		-39		-6042		19.5644
-9		-48		-5788		19.571
-6556		-34		-5781		19.5775
-6547		-38		-10		19.5838
-6645		7262		-23		19.5901
-6378		7259		-6140		19.5964
-6393		-8		-6135		19.6029
-6545		7185		-21		19.6096
-6534		7454		-24		19.616
-6541		-116		-5824		19.6223
-6546		-4		-61		19.6487
-6653		7448		-53		19.6551
-24		-2		-77		19.6615
-23		-47		-5799		19.668
-6575		7424		-5784		19.6743
-6589		7430		-47		19.6808
-6555		7484		-24		19.6872
-6566		7456		-6086		19.6987
-6564		7545		-5828		19.7053
-6530		-118		-5805		19.7116
-6550		7179		-68		19.718
-6542		7169		-29		19.7246
-35		7449		-48		19.731
-5		-39		-6060		19.7374
-17		-20		-5793		19.7439
-6596		-17		-56		19.7506
-6558		7466		-31		19.7753
-6556		7509		-6087		19.7819
-6545		7545		-5810		19.7882
-6556		7285		-5826		19.7947
-6566		7495		-5816		19.8013
-6586		-36		-9		19.8262
-14		-115		-11		19.8326
-24		-119		-32		19.8391
-6390		7270		-54		19.8458
-11		-28		-6036		19.8555
-6394		-38		-6023		19.8618
-6276		-40		-5782		19.8685
-6560		-49		-5784		19.875
-6555		7243		-13		19.8814
-23		7277		-23		19.8878
-29		7288		-9		19.8941
-6278		-7		-5888		19.9005
-6534		7447		-14		19.9072
-6539		7248		-6048		19.9136
-118		7224		-5797		19.9197
-6536		7270		-43		19.9261
-13		-8		-39		19.9325
-11		-17		-32		19.9389
-26		-40		-6036		19.9455
-6565		-52		-5776		19.9517
-6535		-71		-5781		19.9581
-6544		-57		-6		19.9645
-17		7275		-30		19.9711
-46		7214		-35		19.9976
-6545		7466		-35		20.0042
-6541		7456		-32		20.0107
-6557		-121		-5820		20.0172
-6556		7251		-30		20.0342
-46		-15		-48		20.0501
-45		7440		-71		20.0565
-6400		-16		-44		20.063
-6566		7222		-57		20.0738
-6567		7195		-31		20.0801
-6575		7218		-49		20.087
-6589		7508		-26		20.0941
-6553		7469		-6071		20.1005
-6537		-99		-5808		20.1069
-6552		7285		-5835		20.1134
-6550		7276		-65		20.12
-6556		7182		-66		20.1266
-48		7425		-45		20.1329
-30		-5		-6067		20.1391
-6560		-5		-5801		20.1455
-6588		-23		-35		20.152
-6570		7277		-25		20.1585
-27		-101		-34		20.1649
-9		7281		-34		20.1713
-32		7223		-33		20.1778
-6536		7478		-58		20.1842
-6544		7457		-25		20.1907
-6552		7439		-6072		20.1975
-6572		-126		-5847		20.2038
-6558		7290		-5821		20.2103
-6546		7197		-67		20.2166
-32		7181		-81		20.2231
-37		7450		-6088		20.2296
-13		7439		-5829		20.2358
-6583		7444		-5808		20.2422
-6591		7429		-49		20.2486
-6572		-14		-5800		20.2551
-6569		7441		-20		20.2763
-12		7292		-30		20.2827
-21		-113		-31		20.2891
-21		7206		-5		20.2955
-6555		7197		-24		20.3019
-6577		-124		-57		20.3086
-6		7256		-41		20.3169
-10		7224		-40		20.3233
-6547		7451		-47		20.3298
-6560		7451		-37		20.3362
-6559		-123		-5811		20.3425
-6564		7247		-5790		20.3488
-6530		7286		-53		20.355
-29		7172		-70		20.3616
-40		7268		-5825		20.3683
-6541		-119		-58		20.3762
-27		-5		-64		20.3824
-36		-2		-72		20.3887
-31		7435		-6053		20.3954
-6572		7444		-5808		20.4017
-6572		7438		-5806		20.4082
-6589		7276		-30		20.4146
-55		-125		-37		20.4209
-32		7283		-32		20.4275
-6562		7424		-5801		20.4339
-6563		7436		-5809		20.4567
-6568		7451		-41		20.4633
-22		-114		-47		20.4696
-19		-123		-36		20.4761
-11		-126		-53		20.4826
-28		7220		-45		20.4961
-6554		7497		-41		20.5025
-6539		7452		-6050		20.509
-6541		-128		-5807		20.5153
-115		7270		-57		20.5217
-99		-50		-43		20.5281
-31		-47		-65		20.5345
-19		-18		-50		20.541
-6558		-58		-5800		20.5475
-6540		-16		-5798		20.5537
-6560		7242		-58		20.56
-4		7236		-21		20.5665
-10		7244		-14		20.5728
-2		7203		-31		20.5792
-6534		7445		-13		20.5855
-6536		7527		-6071		20.5919
-125		7493		-6086		20.5984
-6531		7426		-28		20.6052
-28		7260		-33		20.615
-6390		-128		-2		20.6213
-6394		7170		-22		20.6278
-6564		7471		-24		20.6343
-6548		7431		-33		20.6408
-6559		7541		-5821		20.6472
-6534		-123		-5803		20.6535
-125		7250		-5811		20.6599
-112		7263		-41		20.6669
-46		7469		-70		20.6935
-35		-7		-6057		20.7002
-40		-2		-6053		20.7068
-6590		-14		-5811		20.7134
-6580		-6		-5787		20.7198
-6593		-34		-35		20.7472
-15		7263		-30		20.7536
-13		7247		-56		20.7602
-27		7430		-52		20.7839
-25		-1		-59		20.7903
-21		-28		-6049		20.7971
-6555		-29		-5820		20.8035
-6595		7434		-5795		20.81
-6588		7426		-21		20.8167
-26		-104		-34		20.823
-33		-107		-24		20.8291
-6538		7193		-19		20.8355
-6565		7434		-17		20.8419
-6543		7462		-6077		20.8482
-6538		7512		-5799		20.8547
-6536		7282		-5813		20.8612
-6564		7294		-77		20.8676
-6539		-1		-92		20.8741
-41		-2		-82		20.8806
-48		7481		-5818		20.887
-6588		-1		-5807		20.8932
-6593		-20		-18		20.8997
-6591		7283		-16		20.906
-20		-120		-42		20.9125
-28		-119		-47		20.9189
-6574		7463		-26		20.9253
-6559		7449		-26		20.9316
-6538		7458		-6069		20.9382
-6540		7257		-5828		20.9448
-6555		7245		-62		20.9509
-30		-40		-66		20.9571
-32		7431		-63		20.9634
-50		-25		-6064		20.9698
-6578		7443		-5830		20.9763
-6590		7431		-63		20.9829
-6626		-98		-42		20.9892
-49		-105		-51		20.9956
-57		-113		-52		21.0024
-13		7290		-27		21.0088
-18		7219		-18		21.0365
-6290		7179		-13		21.043
-6532		7441		-6050		21.0493
-6603		-6		-5816		21.0557
-6547		7257		-13		21.0654
-13		7244		-47		21.072
-6397		7276		-1		21.0784
-6387		7201		-14		21.0849
-6541		7453		-33		21.0913
-128		-3		-5791		21.0975
-6543		7505		-6061		21.1042
-121		7509		-6054		21.1109
-6543		7272		-5800		21.1221
-123		7255		-5792		21.138
-6537		7192		-51		21.1445
-16		-51		-50		21.1509
-6378		-71		-19		21.1574
-3		-44		-6043		21.1639
-6548		-46		-5786		21.1705
-6531		7444		-6050		21.1769
-6556		7513		-5806		21.1872
-105		-126		-5809		21.1937
-6530		7274		-53		21.2001
-127		-20		-30		21.2065
-7		-14		-54		21.2132
-16		7439		-6065		21.2195
-24		-12		-5813		21.226
-6613		-10		-5796		21.2324
-6539		-18		-37		21.2389
-42		7290		-15		21.2452
-6279		7458		-3		21.2618
-6560		7435		-29		21.2778
-6569		7529		-6086		21.2842
-6555		7543		-6065		21.2908
-6551		7267		-6063		21.2976
-6607		7444		-44		21.3218
-48		-109		-48		21.3283
-33		-122		-34		21.3347
-71		7233		-35		21.3411
-6567		7227		-61		21.3475
-6546		7504		-6071		21.3541
-6578		-101		-5856		21.3603
-6563		7277		-5821		21.3666
-126		-23		-76		21.3729
-27		-32		-62		21.3793
-37		7451		-69		21.3857
-46		7454		-6064		21.3924
-6581		-1		-5825		21.3989
-6592		-13		-6061		21.4059
-6586		7428		-5791		21.4127
-23		7226		-31		21.4191
-6549		7481		-32		21.4374
-6532		-117		-6067		21.4437
-127		7530		-5814		21.4502
-122		7273		-5795		21.4565
-6556		7180		-25		21.463
-36		7169		-74		21.4696
-54		7479		-58		21.4761
-36		-40		-6049		21.4825
-6278		-17		-5803		21.4888
-6571		7474		-74		21.4952
-29		-34		-46		21.5036
-37		7435		-6075		21.5106
-16		-13		-5796		21.5169
-56		-2		-78		21.532
-42		7446		-63		21.5383
-36		-1		-6069		21.5448
-15		-13		-52		21.5513
-24		-19		-57		21.5591
-6400		-33		-6064		21.5656
-6548		-36		-5792		21.5721
-6590		7437		-30		21.5782
-11		7277		-34		21.5845
-11		7274		-34		21.5906
-6554		7194		-65		21.5971
-6551		7215		-77		21.6223
-14		-20		-66		21.6286
-33		-4		-6068		21.635
-30		7426		-6074		21.642
-6543		7267		-52		21.6483
-6559		-4		-79		21.6568
-18		7427		-66		21.6633
-31		7439		-6061		21.6698
-6597		7468		-5844		21.6761
-6587		7450		-5821		21.6824
-6601		-3		-48		21.6889
-32		-95		-48		21.6954
-47		7290		-56		21.7019
-43		7248		-49		21.7084
-6578		7212		-61		21.7147
-6577		7476		-36		21.7212
-6562		-124		-6076		21.7275
-6554		7262		-5835		21.734
-6571		7287		-92		21.7403
-39		7180		-70		21.7468
-26		-2		-61		21.753
-54		7427		-6067		21.7595
-34		7462		-6096		21.7664
-6575		7473		-5820		21.7729
-6588		7438		-37		21.7791
-6597		7287		-45		21.7856
-40		-120		-60		21.7919
-58		-120		-30		21.7982
-6585		7500		-37		21.8047
-6580		7473		-6075		21.8111
-6565		-127		-6071		21.8174
-6566		-122		-5819		21.8241
-6543		-123		-6055		21.8308
-123		7507		-5806		21.8519
-94		7265		-5811		21.8583
-117		-29		-56		21.8648
-14		-18		-48		21.8713
-7		-22		-50		21.8777
-13		-16		-19		21.8842
-6574		-37		-2		21.9108
-6575		-127		-37		21.9173
-6588		7284		-47		21.924
-14		-122		-38		21.9306
-13		-7		-5800		21.9369
-6599		7434		-5795		21.9458
-6589		-3		-34		21.9521
-16		7262		-34		21.9587
-43		-126		-26		21.965
-44		7212		-38		21.9714
-6581		7489		-38		21.9778
-6547		7447		-6056		21.9841
-6568		7502		-6067		21.9906
-6537		7549		-5839		22.0113
-6562		-109		-5824		22.0177
-6557		7279		-67		22.0243
-34		7438		-64		22.0305
-40		7434		-6081		22.0369
-71		7465		-6100		22.0433
-6623		-92		-5848		22.05
-6600		7233		-115		22.0725
-60		7457		-100		22.079
-51		7443		-6101		22.0854
-44		7443		-5805		22.0917
-6588		-21		-5828		22.0982
-6601		7459		-5831		22.1047
-6596		7532		-74		22.1114
-49		-88		-73		22.1177
-35		-125		-67		22.1242
-31		7244		-52		22.1308
-6560		7502		-43		22.1371
-6571		7484		-47		22.1436
-6562		-128		-5816		22.15
-6571		-114		-5838		22.1563
-6573		-105		-5848		22.1629
-6592		7446		-38		22.1694
-6572		7486		-6103		22.1918
-6579		7535		-5820		22.1983
-6599		-96		-87		22.2046
-6570		7232		-88		22.211
-52		7219		-66		22.2175
-77		-118		-6097		22.2241
-6574		-110		-5849		22.2327
-6559		-115		-103		22.239
-6563		7178		-92		22.2455
-63		7490		-78		22.252
-71		7432		-6083		22.2584
-6595		7448		-5830		22.2648
-6630		7441		-5816		22.2711
-6597		7432		-77		22.2776
-6598		-120		-70		22.2844
-58		-102		-68		22.2908
-57		7272		-52		22.2969
-6565		7445		-63		22.3033
-6566		7497		-43		22.3099
-6588		-94		-6091		22.3163
-6592		-93		-5836		22.3228
-6553		7270		-5842		22.3291
-6567		-116		-69		22.3357
-64		7226		-94		22.3422
-55		7465		-6086		22.3487
-6573		-126		-5834		22.3714
-6574		-121		-5828		22.3779
-6578		-122		-85		22.3844
-6572		7199		-79		22.3909
-65		7446		-88		22.3974
-37		7226		-42		22.4038
-6578		7458		-57		22.4138
-6599		7480		-6108		22.4203
-6560		7521		-5832		22.4267
-6550		7275		-5834		22.4331
-6574		7199		-71		22.4396
-56		7458		-90		22.4459
-55		7432		-6058		22.4523
-30		-24		-6074		22.4587
-6548		7293		-42		22.4653
-22		7183		-83		22.4739
-12		7429		-58		22.4803
-29		7434		-6046		22.4866
-6593		7443		-5804		22.493
-6589		-34		-5797		22.4995
-6577		7255		-24		22.5059
-44		7287		-44		22.5122
-36		-127		-78		22.5188
-57		7247		-39		22.5254
-36		-18		-6080		22.5396
-6597		7429		-5825		22.5554
-6596		-36		-40		22.5618
-6592		-127		-26		22.5681
-18		7269		-26		22.5746
-33		7281		-5819		22.5812
-6534		-113		-77		22.5919
-19		7429		-59		22.5983
-23		-4		-53		22.6047
-23		7458		-6081		22.6113
-6588		7446		-5801		22.6177
-6584		7450		-5822		22.6241
-6605		-117		-71		22.6306
-6576		7429		-34		22.6372
-6557		7518		-6087		22.6441
-6579		-98		-5814		22.6552
-6576		-128		-5854		22.6615
-6582		7222		-86		22.668
-73		7452		-93		22.6746
-45		7465		-6065		22.6809
-59		7461		-6102		22.6873
-6609		7467		-5822		22.6939
-6604		7455		-77		22.7005
-6612		7485		-5842		22.7066
-6613		-5		-5824		22.7142
-6588		7478		-6065		22.7207
-6550		-110		-5820		22.7316
-6541		7273		-5831		22.7379
-6546		-100		-70		22.7444
-45		7186		-78		22.7509
-27		7453		-77		22.7573
-20		7447		-6061		22.7638
-6579		-11		-5804		22.7703
-6606		7460		-5823		22.7767
-6595		7453		-55		22.7832
-6542		7480		-36		22.799
-6548		7550		-6082		22.8149
-6549		7279		-5822		22.8212
-6566		-124		-5803		22.8278
-6545		-15		-51		22.8343
-6577		7442		-5819		22.8596
-6581		7424		-5818		22.8662
-6573		7526		-26		22.8731
-37		7292		-36		22.8796
-35		7270		-55		22.8861
-13		-117		-49		22.8928
-6558		7471		-46		22.899
-6572		7458		-45		22.9054
-6543		7533		-6077		22.9119
-6552		7505		-5822		22.9182
-6567		7281		-5823		22.9249
-126		7254		-71		22.9313
-38		7455		-87		22.9377
-29		7450		-55		22.9441
-57		-8		-6052		22.9507
-6594		-34		-5808		22.9571
-6580		7434		-31		22.9632
-6570		7290		-52		22.9696
-2		-126		-22		22.976
-39		-116		-19		22.9825
-51		7216		-25		22.9889
-6569		7453		-41		22.9954
-6562		7461		-6088		23.0017
-6591		-110		-6084		23.0082
-6548		7295		-56		23.015
-6534		7188		-73		23.0417
-21		-14		-63		23.048
-29		7427		-63		23.0544
-15		-7		-6076		23.061
-6571		7446		-5826		23.0882
-6591		7441		-5813		23.0947
-6603		7443		-67		23.1014
-6574		7525		-41		23.1081
-41		-96		-47		23.1214
-63		-108		-29		23.1279
-6546		7203		-51		23.1342
-6573		7496		-49		23.1406
-6576		-107		-6093		23.1469
-6548		7279		-5822		23.1533
-6565		-118		-68		23.1597
-6553		-24		-72		23.1662
-35		7438		-90		23.1725
-69		7459		-6078		23.1787
-6589		7442		-5800		23.1851
-6580		-15		-51		23.1915
-6573		7281		-50		23.1979
-30		7268		-47		23.2043
-29		7285		-40		23.2108
-37		7241		-29		23.2172
-6555		7458		-37		23.2238
-6567		7449		-6101		23.2303
-6555		7271		-5828		23.2365
-6551		7283		-54		23.2427
-49		7182		-93		23.2491
-41		-2		-59		23.2554
-24		-12		-6061		23.2619
-6597		-4		-5806		23.2683
-6599		7453		-31		23.2746
-6566		7260		-43		23.2811
-25		-96		-37		23.2876
-11		7424		-71		23.2943
-32		7438		-5805		23.3033
-6574		-7		-5795		23.3097
-6558		-17		-32		23.3161
-18		-125		-40		23.3225
-47		-113		-68		23.3289
-19		7234		-44		23.3352
-6543		7440		-20		23.3415
-6560		7210		-6		23.3484
-6529		7459		-26		23.355
-6586		7258		-33		23.3782
-28		-95		-34		23.3845
-28		7262		-10		23.3909
-6393		7190		-15		23.3974
-28		7210		-19		23.404
-6562		7429		-5812		23.4108
-6592		7460		-31		23.4199
-28		-105		-34		23.4263
-38		7284		-27		23.4327
-37		7194		-44		23.4391
-6568		7473		-33		23.4454
-6550		7475		-43		23.4519
-6550		7534		-5821		23.4584
-6541		-112		-5821		23.4647
-6535		7270		-59		23.4712
-9		-12		-6068		23.4974
-27		-18		-5792		23.5038
-6602		7424		-5827		23.5104
-6583		7459		-51		23.5169
-6576		7427		-31		23.5233
-39		7280		-41		23.5511
-27		7261		-32		23.5575
-19		7288		-21		23.564
-24		7465		-6064		23.5873
-48		7432		-5822		23.594
-6582		7435		-5828		23.6005
-6576		-4		-36		23.607
-6594		7445		-60		23.6134
-26		7289		-31		23.6202
-20		-122		-39		23.6264
-16		7222		-18		23.633
-6553		7470		-37		23.6393
-6551		7445		-6074		23.6457
-127		7549		-5780		23.6521
-125		7266		-5800		23.6587
-6536		7289		-57		23.665
-98		-55		-63		23.6714
-22		7425		-66		23.678
-20		7443		-6057		23.6844
-6547		-24		-5792		23.6907
-6580		-32		-37		23.6971
-6570		7265		-29		23.7035
-10		7256		-45		23.71
-8		7261		-26		23.7164
-10		7187		-15		23.7229
-6545		7234		-25		23.7295
-6540		-1		-26		23.7359
-6531		7237		-6046		23.7424
-6538		7281		-5807		23.7487
-6567		7201		-59		23.7549
-6537		-17		-54		23.7614
-50		7476		-93		23.768
-50		7447		-6087		23.7743
-6580		-5		-5842		23.7808
-6586		7447		-5808		23.7872
-6571		-17		-31		23.7937
-6		7245		-41		23.8001
-31		7261		-32		23.8067
-19		7206		-17		23.813
-6545		7490		-13		23.8191
-6547		7463		-6049		23.8258
-6537		7540		-5790		23.8322
-6530		7253		-5796		23.8387
-6547		7271		-64		23.8453
-128		-13		-58		23.8516
-40		7440		-72		23.8581
-19		7440		-63		23.8646
-19		-26		-6064		23.8713
-6565		-27		-5798		23.8775
-6547		7437		-5782		23.8838
-6556		-56		-15		23.8908
-6567		7280		-27		23.8973
-6392		7468		-6067		23.9038
-6574		7443		-5795		23.9124
-6583		-2		-5804		23.9187
-6578		7424		-58		23.9252
-36		7278		-33		23.9316
-1		7291		-35		23.9383
-12		7275		-24		23.9446
-6536		7185		-28		23.9512
-119		-19		-5883		23.9576
-6543		7461		-6069		23.964
-6550		7531		-5801		23.9707
-125		7253		-5809		23.9771
-117		-17		-41		23.9833
-6537		-119		-5815		23.9897
-6562		-104		-5807		23.9976
-6531		7275		-24		24.004
-5		7289		-18		24.0283
-9		7270		-7		24.0349
-28		7213		-32		24.0413
-6541		7434		-5887		24.0479
-6536		7432		-6046		24.0542
-6532		-29		-5816		24.0606
-6550		7283		-5839		24.0878
-6530		7294		-77		24.0942
-6574		7219		-72		24.1009
-57		7200		-55		24.1074
-39		-111		-35		24.1176
-6570		7236		-44		24.1242
-6572		7496		-61		24.1307
-6581		-122		-6092		24.1371
-6564		-125		-5846		24.1434
-6566		-124		-87		24.1499
-55		7246		-94		24.1562
-62		7433		-72		24.1627
-52		-8		-87		24.1693
-53		7467		-103		24.176
-74		7461		-6095		24.1898
-6592		7447		-5829		24.1961
-6602		7427		-5846		24.2025
-6625		-52		-64		24.2091
-47		7288		-62		24.2154
-50		-109		-50		24.2218
-6566		7220		-45		24.2281
-6583		7505		-54		24.2345
-6587		-108		-6107		24.241
-6544		7455		-6096		24.2474
-6609		7469		-5825		24.2584
-6601		7434		-57		24.2647
-31		-85		-55		24.2711
-54		-101		-82		24.2776
-32		7212		-71		24.284
-6560		7433		-39		24.2903
-6556		7451		-6095		24.2967
-6586		-116		-6099		24.3031
-6544		7281		-5803		24.3097
-32		7428		-79		24.3359
-45		-13		-6059		24.3423
-34		-6		-6069		24.3489
-6593		-4		-5810		24.3556
-6578		7265		-28		24.362
-15		7181		-16		24.3877
-6539		7451		-25		24.3942
-128		7435		-16		24.4006
-6540		-48		-5797		24.4074
-6307		-40		-5787		24.4176
-6554		7428		-28		24.4239
-6		-124		-32		24.4304
-24		7265		-27		24.4368
-5		7193		-6141		24.443
-122		7198		-18		24.4497
-6546		7433		-9		24.4561
-6529		7457		-6059		24.4627
-124		7264		-6		24.4693
-6543		-2		-22		24.4774
-6572		7497		-16		24.4836
-6555		7542		-5808		24.4901
-112		7241		-5803		24.4963
-6548		7268		-43		24.5026
-24		-6		-48		24.5091
-30		7458		-6074		24.5153
-6566		-50		-5801		24.5217
-6561		7435		-5800		24.5281
-6595		7524		-92		24.5346
-28		7427		-6071		24.5568
-63		7463		-6088		24.5633
-6618		7473		-5806		24.5701
-6585		7469		-5837		24.5765
-6617		7439		-59		24.583
-6606		7551		-69		24.5895
-31		7292		-5833		24.5962
-6594		-124		-72		24.6067
-75		7241		-85		24.613
-70		7447		-87		24.6194
-35		7457		-5818		24.6258
-6606		7468		-5829		24.6321
-6603		-55		-59		24.6384
-40		-128		-35		24.6447
-63		-76		-63		24.6512
-60		7442		-86		24.658
-58		7433		-6089		24.6675
-6603		-5		-5840		24.6739
-6599		7492		-5828		24.6803
-6599		7469		-77		24.687
-6609		7544		-68		24.6936
-48		-106		-67		24.6999
-56		7228		-72		24.7062
-56		7249		-72		24.7127
-6578		7478		-5828		24.7195
-6547		7266		-5797		24.7455
-127		-39		-65		24.7519
-37		-1		-64		24.7582
-46		7447		-86		24.7649
-36		-1		-6055		24.7714
-6589		-2		-5806		24.7988
-6576		-47		-5813		24.8051
-6588		7424		-5821		24.8118
-6555		7197		-75		24.8348
-31		-3		-44		24.8413
-33		7433		-70		24.848
-53		7447		-6065		24.8545
-20		-27		-5800		24.861
-6584		7434		-5819		24.8676
-6594		-91		-55		24.8738
-20		-110		-61		24.8801
-33		7272		-32		24.8867
-33		7178		-4		24.893
-6563		7474		-35		24.8995
-6556		7456		-28		24.9059
-6541		7234		-6035		24.9125
-112		7254		-5801		24.9189
-6548		7284		-5817		24.9254
-111		-19		-55		24.9319
-32		-45		-51		24.9382
-6646		-7		-28		24.9451
-6652		7428		-52		24.9519
-46		7426		-6068		24.9585
-6594		-3		-5791		24.9649
-6569		7430		-5819		24.9713
-6583		7432		-41		24.9778
-6555		-125		-28		24.9843
-30		7259		-33		24.9908
-29		7258		-32		24.9974
-15		7194		-22		25.0037
-6581		7498		-26		25.0099
-6557		7522		-6077		25.0164
-6575		7273		-5836		25.023
-6554		-93		-62		25.0292
-126		7168		-70		25.0356
-25		-5		-43		25.042
-18		-23		-6068		25.0484
-12		-4		-6051		25.055
-6571		-32		-5807		25.0616
-6599		7453		-50		25.0678
-9		-114		-39		25.074
-115		7175		-69		25.0806
-40		7448		-62		25.0906
-48		7432		-6081		25.097
-6578		-5		-5808		25.1034
-6541		7424		-5808		25.1096
-6581		7294		-33		25.116
-21		7283		-31		25.1227
-6537		7244		-5811		25.1291
-6550		7275		-80		25.14
-23		-24		-58		25.1463
-59		7436		-75		25.1527
-22		-30		-6035		25.159
-6548		-5		-5791		25.1654
-6545		-19		-31		25.1716
-6551		7243		-32		25.1781
-19		7237		-37		25.185
-26		7267		-19		25.1914
-6563		7203		-19		25.2184
-6540		7464		-23		25.2248
-127		7437		-23		25.2316
-6548		7267		-37		25.238
-24		7288		-12		25.2466
-6544		7219		-4		25.2529
-6536		7479		-23		25.2593
-6533		7513		-5809		25.2657
-6536		7261		-5790		25.272
-6533		7285		-54		25.2784
-36		7168		-50		25.2848
-6		-3		-60		25.2912
-28		7472		-67		25.2982
-38		-7		-5811		25.3045
-6560		-40		-5786		25.3107
-6565		7425		-31		25.3172
-6641		7247		-5		25.3235
-17		7244		-19		25.3299
-22		7201		-18		25.3363
-6538		7426		-9		25.3426
-6545		7461		-6058		25.3491
-6546		7468		-6069		25.3556
-33		7226		-29		25.3623
-6551		7456		-16		25.3771
-6400		7188		-9		25.3836
-128		7451		-14		25.3911
-6536		7507		-24		25.3976
-6532		7541		-6064		25.4043
-122		7274		-5805		25.4105
-6547		7269		-68		25.4169
-7		7266		-9		25.4232
-3		7181		-23		25.447
-6553		7189		-18		25.4536
-119		7439		-12		25.46
-6536		7259		-5786		25.4665
-6542		7495		-5811		25.4732
-122		7272		-69		25.4795
-120		-30		-45		25.4857
-58		-13		-54		25.4921
-43		7452		-6070		25.4985
-30		-17		-5826		25.5051
-6545		-32		-5787		25.5115
-6552		-51		-32		25.5178
-36		-125		-21		25.5243
-29		7285		-17		25.5308
-22		7278		-34		25.5376
-12		7203		-27		25.544
-114		7451		-5868		25.5502
-6542		-1		-6045		25.5567
-6535		7505		-5788		25.5631
-6536		7258		-5797		25.5695
-127		-45		-49		25.5759
-1		-25		-28		25.5823
-15		-44		-6035		25.5887
-11		-6		-6056		25.5951
-6575		-17		-41		25.6018
-6643		7258		-33		25.6282
-35		-120		-45		25.6345
-30		7273		-17		25.641
-6278		7187		-13		25.6476
-6539		-49		-52		25.659
-22		7427		-36		25.6654
-6395		-39		-6034		25.6718
-9		-72		-6051		25.6783
-6563		-26		-5792		25.6848
-6567		-43		-22		25.6911
-23		7258		-6		25.6975
-19		7258		-14		25.7039
-18		-14		-14		25.7104
-22		7278		-19		25.7166
-18		7262		-23		25.7242
-6577		-25		-5792		25.7332
-6550		7250		-32		25.7395
-33		-110		-24		25.7458
-39		7292		-33		25.7522
-6399		-27		-13		25.7586
-6566		7457		-27		25.7651
-6569		7455		-6075		25.7715
-115		7550		-5815		25.7778
-6531		7281		-5827		25.7843
-6545		-113		-35		25.7909
-22		7221		-12		25.8141
-6557		7455		-13		25.8204
-6548		7462		-6077		25.8269
-123		7509		-5801		25.8331
-6541		7531		-5819		25.8398
-6585		-128		-19		25.8465
-6569		7480		-6061		25.8545
-6543		7251		-5818		25.8608
-123		7277		-54		25.8672
-6542		7183		-62		25.8737
-13		-16		-97		25.88
-25		-9		-6063		25.8862
-6578		-24		-5808		25.8928
-6591		7436		-5797		25.8992
-6560		7425		-24		25.9057
-6606		7534		-34		25.9124
-57		7255		-15		25.9187
-19		7211		-12		25.9248
-6530		7466		-43		25.9311
-125		7459		-6084		25.9376
-6550		7549		-5805		25.944
-6530		7281		-5811		25.9505
-124		7272		-68		25.957
-6556		7190		-69		25.9635
-6550		7168		-64		25.97
-41		7177		-59		25.9768
-43		-7		-65		25.9975
-38		-11		-6081		26.0039
-6560		-17		-5791		26.0105
-6590		7424		-5821		26.0168
-6579		-2		-42		26.0233
-6571		7268		-42		26.0299
-6400		7257		-28		26.0364
-15		7221		-37		26.0426
-6551		7447		-30		26.049
-6540		7460		-6061		26.0554
-6554		-119		-5767		26.0619
-6538		7273		-5827		26.0684
-124		7259		-64		26.0747
-125		-5		-70		26.0811
-35		-8		-54		26.0877
-41		-1		-64		26.0944
-15		-27		-5795		26.1007
-6575		-13		-5811		26.1068
-6579		7283		-35		26.1133
-46		-80		-47		26.1197
-64		-104		-64		26.1262
-48		7228		-33		26.1327
-6550		7458		-23		26.1391
-6562		7464		-46		26.1455
-6569		7436		-28		26.1523
-6583		7180		-62		26.1591
-28		-22		-67		26.1844
-29		-7		-5810		26.1908
-6588		7424		-5809		26.1972
-6602		7444		-55		26.2037
-6595		7183		-5827		26.21
-6565		