 X		Y		Z		Time[us]
-6562		7537		-5858		-4.27044e-44
-6595		-111		-5847		0.00609815
-6567		7222		-94		0.0124173
-36		7472		-92		0.0186935
-6572		7495		-6108		0.0252076
-6585		-120		-6084		0.0342298
-6635		7483		-5847		0.0450761
-6613		7496		-5853		0.0514653
-6618		7465		-85		0.0581584
-6624		-102		-84		0.0649266
-89		7480		-111		0.0714518
-102		7484		-5852		0.0872041
-6633		7504		-5858		0.0935063
-6605		7507		-6122		0.103981
-6618		-85		-5847		0.110397
-6593		-74		-5847		0.117054
-6561		-104		-87		0.123462
-65		7188		-85		0.129812
-52		7452		-77		0.136283
-46		7436		-6075		0.142839
-6581		7449		-5814		0.149275
-6607		7431		-5848		0.15574
-6604		-9		-5818		0.162478
-6614		7460		-45		0.16928
-53		7275		-60		0.175631
-54		-118		-47		0.181749
-6565		7245		-50		0.187969
-6553		7498		-45		0.194331
-6595		-112		-6073		0.200711
-6572		-116		-5810		0.207246
-6555		7262		-5814		0.213738
-6543		7189		-70		0.220173
-34		7437		-88		0.226629
-38		-18		-6076		0.23289
-50		7447		-5810		0.239403
-6598		7431		-5821		0.245818
-6614		-84		-45		0.252101
-58		-61		-72		0.258304
-81		-52		-65		0.264769
-6587		7233		-71		0.271169
-6585		7531		-67		0.27758
-6588		7508		-6110		0.28402
-6608		-103		-5856		0.290497
-6589		-84		-5861		0.296832
-6598		7229		-107		0.30331
-6610		7237		-112		0.309934
-77		7488		-97		0.316542
-71		7459		-6098		0.32264
-6625		7474		-5866		0.329089
-6628		7470		-66		0.335416
-6560		7275		-59		0.341726
-38		-121		-51		0.348224
-28		-113		-32		0.354736
-23		7194		-29		0.361209
-6542		7464		-38		0.367646
-6565		7524		-41		0.374267
-6564		7256		-5812		0.380682
-6564		-104		-57		0.386818
-6533		-26		-40		0.393149
-17		-53		-58		0.399612
-28		-8		-70		0.406097
-3		-21		-6046		0.412575
-6586		-4		-5825		0.419146
-6577		7442		-5805		0.425576
-6579		-10		-38		0.432128
-6587		7538		-38		0.438729
-18		-116		-39		0.445062
-6539		7195		-30		0.451162
-6562		7495		-25		0.457556
-6573		7492		-6096		0.463991
-127		7530		-5824		0.470448
-6562		-127		-5819		0.476825
-6552		7202		-86		0.483161
-25		-46		-51		0.489408
-32		-4		-46		0.49601
-46		7427		-26		0.502775
-13		7295		-25		0.513964
-6571		7210		-32		0.520261
-6544		7439		-34		0.526677
-6555		7521		-6061		0.533068
-122		7282		-5784		0.53942
-6531		7245		-57		0.545855
-6537		-23		-75		0.552045
-40		7428		-61		0.558663
-27		7427		-55		0.565393
-6576		-87		-86		0.573115
-33		7429		-73		0.579788
-56		7450		-6093		0.585877
-6581		7437		-5832		0.592188
-6592		-1		-42		0.598511
-6604		-98		-45		0.604933
-43		-115		-65		0.611282
-28		7293		-51		0.617871
-37		7203		-43		0.624386
-6551		7210		-46		0.6309
-6577		7517		-49		0.637474
-52		7452		-6069		0.652778
-6579		7440		-5815		0.668546
-6583		7465		-47		0.674801
-6607		-119		-64		0.681128
-6597		-122		-57		0.687767
-6623		7473		-5862		0.69434
-6625		-76		-62		0.715883
-62		-104		-70		0.722521
-58		-94		-66		0.728966
-51		7290		-35		0.735259
-6589		7281		-69		0.741803
-6578		7512		-63		0.74858
-6597		7497		-6094		0.754907
-6555		-107		-5846		0.761132
-6571		-102		-92		0.767567
-6555		-2		-82		0.773928
-60		7444		-91		0.780376
-69		7460		-6095		0.786715
-49		7453		-5844		0.793172
-6617		7468		-5823		0.799692
-6604		7450		-5843		0.806467
-6640		7474		-82		0.81309
-63		-77		-79		0.819341
-65		-111		-50		0.825499
-6584		7510		-33		0.831812
-6564		7512		-6099		0.838072
-6580		-122		-5836		0.844495
-6573		7295		-5834		0.85088
-6561		7208		-73		0.857281
-32		7184		-66		0.863661
-37		7456		-86		0.870267
-54		7460		-6079		0.876805
-6581		7438		-5827		0.882915
-6592		-94		-31		0.889065
-35		-100		-64		0.895486
-33		7286		-46		0.902058
-30		7220		-29		0.908397
-6558		7489		-54		0.914721
-6560		7459		-6077		0.921135
-6575		7511		-6065		0.927544
-6546		7544		-5848		0.934136
-6573		-108		-5837		0.940854
-31		7175		-85		0.947121
-34		7476		-83		0.953228
-52		7434		-5820		0.959525
-6573		-15		-5816		0.965837
-6606		-115		-63		0.97225
-53		7529		-59		0.978566
-35		7287		-37		0.98504
-39		7194		-46		0.991329
-6564		7207		-38		0.997898
-44		7434		-81		1.00473
-26		-8		-6072		1.01523
-66		7446		-6078		1.02179
-6596		7424		-5819		1.02845
-6597		7436		-5809		1.035
-6583		-14		-38		1.04143
-26		7279		-37		1.04787
-25		7269		-35		1.05422
-20		7221		-26		1.06065
-6558		7458		-46		1.06726
-6582		7426		-30		1.07364
-6585		7281		-45		1.09665
-28		7269		-49		1.10324
-41		-120		-39		1.10951
-40		7216		-52		1.11603
-6558		7462		-71		1.12259
-64		7476		-5817		1.13281
-6604		7432		-5820		1.13902
-6604		-93		-55		1.14539
-34		-108		-57		1.15178
-42		7285		-42		1.15815
-31		7217		-39		1.1647
-6585		7490		-40		1.17107
-6585		7480		-10		1.17752
-6559		7436		-6056		1.18424
-6559		-126		-5828		1.19056
-6546		-116		-74		1.19671
-57		7182		-59		1.20316
-45		7433		-81		1.2096
-40		7437		-6087		1.21601
-6581		7437		-5818		1.22228
-6574		7436		-37		1.22867
-6585		7551		-47		1.23504
-12		7273		-39		1.24157
-43		7238		-50		1.24815
-6560		7493		-36		1.27481
-6553		7485		-6075		1.28136
-6566		7543		-5827		1.28773
-6564		-125		-38		1.29414
-38		-114		-47		1.30342
-6583		7219		-31		1.30965
-6578		7492		-62		1.31612
-6557		-83		-6084		1.32254
-6545		7510		-5820		1.32887
-6548		7288		-69		1.33547
-6565		7208		-83		1.34179
-6549		7210		-61		1.34844
-6565		-122		-5843		1.35531
-6550		7254		-78		1.37652
-39		7218		-80		1.38323
-37		-15		-91		1.38947
-55		7442		-6089		1.39591
-35		-4		-6045		1.40244
-6598		7428		-5824		1.40932
-6614		7467		-67		1.41566
-61		7235		-103		1.4219
-71		7473		-106		1.44491
-60		7439		-5818		1.45135
-6636		7446		-5846		1.45765
-6610		7447		-73		1.46417
-6587		-108		-59		1.47065
-24		-128		-49		1.47714
-45		7195		-51		1.48324
-6573		7455		-52		1.48958
-6587		7507		-67		1.49606
-6593		-106		-5859		1.50258
-6598		-95		-5839		1.5089
-6568		7170		-98		1.51522
-57		7195		-94		1.52159
-67		7463		-119		1.52805
-6586		7496		-75		1.53469
-6576		7523		-6073		1.54437
-6574		-126		-6099		1.55081
-6584		-87		-6107		1.55735
-6567		-122		-5835		1.56428
-6578		-101		-105		1.57082
-6608		7241		-117		1.57715
-61		7480		-113		1.5834
-62		7457		-6112		1.59
-68		7509		-65		1.59649
-86		-100		-69		1.62216
-60		7227		-71		1.62853
-55		7230		-70		1.63493
-6605		7492		-67		1.64178
-6580		-77		-5853		1.64811
-6587		-99		-90		1.67465
-6595		7225		-109		1.68114
-6597		7234		-98		1.6876
-6607		-92		-5854		1.69438
-6589		-110		-100		1.71598
-67		7209		-89		1.7226
-82		7476		-116		1.729
-82		7492		-101		1.73537
-95		7482		-6097		1.74212
-6634		7470		-5859		1.74858
-6632		7472		-97		1.75489
-55		-102		-78		1.76108
-87		-126		-54		1.76736
-71		7216		-80		1.77374
-6593		7514		-66		1.78035
-6596		7521		-6116		1.78685
-6583		-82		-5864		1.79313
-6607		-47		-5844		1.79961
-6596		-88		-5862		1.80645
-6578		7216		-79		1.81281
-70		7450		-107		1.81901
-87		7463		-6102		1.82558
-6628		7435		-5846		1.83192
-6610		7457		-5846		1.83832
-6638		-89		-60		1.84475
-74		-97		-53		1.85121
-60		-89		-80		1.8577
-68		-91		-58		1.86427
-6583		7242		-61		1.87075
-6573		7499		-6096		1.87688
-6596		-118		-6115		1.88331
-6590		-82		-5881		1.88975
-6596		-90		-103		1.89612
-6575		7229		-76		1.90259
-62		7459		-83		1.90902
-62		7461		-96		1.91549
-77		7456		-6088		1.9222
-6629		7449		-5857		1.9287
-6619		-103		-68		1.93481
-32		-106		-92		1.94106
-62		-82		-73		1.94744
-33		7230		-68		1.95391
-6564		7457		-55		1.96048
-6606		7524		-6099		1.96679
-6588		-105		-5852		1.97326
-6583		-109		-5850		1.97983
-6583		-77		-5853		1.98633
-6578		7479		-6082		1.99303
-6578		7529		-5826		2.01478
-6563		-128		-5838		2.02135
-6574		7226		-85		2.02753
-58		7232		-77		2.03407
-47		7455		-84		2.04091
-6601		-97		-6104		2.04995
-6588		-88		-5820		2.05609
-6583		-117		-93		2.06234
-6574		7214		-94		2.06869
-59		7457		-82		2.07529
-49		7453		-5827		2.08156
-6594		7454		-5834		2.08787
-6609		7450		-70		2.09426
-6611		-84		-60		2.10087
-69		-79		-68		2.10738
-65		7255		-38		2.11372
-6557		7460		-60		2.11986
-6587		7460		-50		2.12622
-6584		-110		-6088		2.13277
-6548		7271		-5814		2.13922
-6562		-128		-5828		2.14557
-6571		7192		-70		2.15217
-18		7428		-51		2.15846
-29		-10		-75		2.16503
-31		7179		-67		2.1717
-61		-23		-69		2.19297
-38		7467		-6066		2.1997
-37		7425		-6059		2.20596
-6569		-38		-5786		2.2126
-6563		-20		-5794		2.21912
-6558		-124		-24		2.22584
-27		-124		-24		2.23208
-45		7284		-30		2.23828
-16		7261		-15		2.24525
-6567		7217		-49		2.25175
-6559		7463		-33		2.25814
-6564		7251		-6055		2.26459
-6539		7550		-5803		2.27103
-6545		7260		-5799		2.27751
-128		7245		-44		2.28412
-31		7181		-69		2.29053
-29		7436		-6050		2.29673
-12		7439		-70		2.30308
-42		7429		-6067		2.31011
-6552		7514		-6070		2.31658
-6537		7248		-5794		2.33321
-6541		7264		-39		2.33959
-6540		-12		-73		2.34597
-44		7427		-56		2.35247
-1		7452		-6065		2.35891
-10		-25		-6044		2.36534
-6572		7425		-5801		2.37201
-6602		-8		-36		2.3784
-6563		-21		-34		2.38483
-17		-106		-23		2.39172
-5		-125		-44		2.39796
-6546		7282		-70		2.40455
-37		7185		-75		2.4152
-17		7424		-39		2.42163
-6396		7426		-6063		2.428
-31		-120		-44		2.43976
-5		7285		-41		2.44611
-6561		7194		-19		2.45254
-6541		7471		-51		2.45907
-6559		7472		-6087		2.46557
-6547		7551		-5820		2.47211
-6569		7257		-5814		2.47837
-6534		7264		-5807		2.48508
-6565		-114		-5827		2.49163
-6558		7276		-5834		2.49929
-6567		-105		-66		2.50563
-35		7199		-65		2.51215
-37		7441		-80		2.51842
-58		-9		-6087		2.52488
-6605		7431		-5812		2.53127
-6607		7439		-45		2.53763
-6558		7277		-5805		2.5441
-6539		7293		-79		2.55428
-30		-9		-61		2.56062
-17		7428		-58		2.56701
-43		7460		-6082		2.57341
-6610		7451		-5827		2.57987
-6610		-3		-5820		2.58622
-6582		-121		-38		2.59278
-38		7287		-49		2.59912
-48		7272		-25		2.60549
-19		-102		-43		2.61238
-6572		7216		-42		2.6188
-6575		7467		-35		2.62518
-6562		7483		-6094		2.63155
-6593		7489		-6097		2.63841
-6587		-118		-6090		2.64515
-6582		-117		-5836		2.65209
-6567		7259		-5810		2.65844
-6565		-124		-5819		2.665
-6565		7445		-6067		2.67224
-6539		7458		-25		2.67973
-6607		-4		-47		2.68726
-6570		7440		-5833		2.69657
-6605		7430		-50		2.70392
-6597		-111		-55		2.71031
-51		-123		-42		2.71677
-26		-126		-42		2.72317
-6554		7240		-27		2.72968
-6555		7470		-45		2.73606
-6559		7529		-6080		2.74237
-6533		-124		-5823		2.74876
-6546		-125		-5814		2.75506
-6544		-116		-80		2.76208
-6534		7293		-70		2.76877
-39		-16		-68		2.77511
-55		7434		-47		2.78161
-30		7451		-6075		2.78831
-58		-11		-6081		2.79481
-6596		-3		-5824		2.80127
-6569		7439		-25		2.80771
-6588		7428		-5809		2.81415
-6603		-7		-5812		2.82138
-6561		-14		-5798		2.82842
-6574		-36		-5800		2.83548
-6577		-15		-5806		2.84266
-6554		7284		-5812		2.84901
-6564		7275		-44		2.85866
-29		7216		-69		2.86527
-15		-5		-75		2.87155
-31		-21		-6058		2.87809
-40		7430		-6076		2.88476
-28		-11		-5814		2.8915
-6591		7459		-5817		2.89811
-6589		7434		-5819		2.90462
-6572		7440		-58		2.91123
-6580		7280		-29		2.91802
-4		-119		-43		2.92437
-32		7281		-40		2.9311
-28		7214		-25		2.93751
-6542		7455		-21		2.94395
-6557		7453		-6080		2.95027
-6558		7502		-28		2.95669
-6572		7222		-8		2.96401
-36		-95		-39		2.97282
-56		-128		-59		2.98
-40		-123		-34		2.98648
-28		7295		-32		2.99368
-6589		7286		-54		3.00025
-24		-17		-59		3.01047
-39		-3		-6072		3.01679
-33		7445		-5799		3.02327
-6604		-15		-5811		3.0296
-6542		-30		-47		3.0361
-6591		-114		-26		3.04268
-34		-120		-48		3.04921
-15		7287		-9		3.05548
-6549		7458		-36		3.06189
-6537		7476		-43		3.06837
-6539		7467		-6088		3.07467
-6560		-114		-5836		3.08122
-6560		-121		-5842		3.08781
-6560		7168		-75		3.09407
-6551		7217		-22		3.10791
-6604		7495		-58		3.12364
-6576		7535		-6076		3.13029
-6557		7541		-5829		3.13648
-6566		7272		-5835		3.14304
-6549		7292		-70		3.14977
-32		-8		-6065		3.15613
-6592		-6		-5791		3.18236
-6574		-8		-5808		3.18875
-6571		-55		-26		3.19543
-6539		7282		-5798		3.20178
-6533		7294		-74		3.21192
-11		-18		-60		3.21828
-29		7443		-6056		3.22474
-23		-5		-5794		3.23102
-6556		7429		-5819		3.23751
-6595		7426		-45		3.24378
-6588		7289		-64		3.25014
-28		7281		-43		3.25675
-29		7276		-32		3.26353
-35		7213		-5		3.26987
-6565		7469		-42		3.27618
-6560		7488		-30		3.2827
-125		7520		-5825		3.28937
-6544		7283		-5825		3.29564
-6566		7181		-84		3.30199
-34		7203		-61		3.30846
-38		7430		-59		3.31486
-55		7453		-6070		3.32134
-6592		7191		-5816		3.3279
-6606		-5		-45		3.33404
-56		-104		-39		3.34038
-39		-127		-57		3.34665
-34		7249		-54		3.35304
-6554		7489		-31		3.35943
-6567		7462		-6086		3.36586
-6546		7551		-5819		3.37203
-6537		7274		-5817		3.37864
-123		7268		-5813		3.3852
-6539		7267		-5827		3.39184
-6550		-123		-78		3.41253
-65		7215		-89		3.41919
-58		7499		-96		3.42553
-76		7467		-6096		3.43189
-6616		7448		-5829		3.43838
-6621		7441		-5837		3.44504
-6613		-96		-66		3.45128
-54		-104		-44		3.4575
-45		-112		-51		3.46388
-6566		7264		-45		3.47039
-6559		7477		-53		3.4771
-6573		7451		-6076		3.48338
-6570		7540		-5823		3.48972
-6568		7280		-5829		3.49618
-6546		7274		-70		3.50275
-6544		-4		-62		3.5093
-45		-23		-6064		3.51558
-6595		7184		-5797		3.52168
-6570		7436		-5803		3.52811
-6596		7546		-47		3.53451
-53		7291		-35		3.54094
-37		7273		-36		3.54734
-39		7228		-41		3.55367
-6571		7450		-42		3.56013
-6562		7451		-43		3.56675
-6569		7460		-6059		3.57342
-6546		7257		-5823		3.57971
-6553		7290		-45		3.58596
-30		-13		-70		3.59234
-43		7431		-64		3.59888
-31		-16		-6080		3.60536
-6563		-23		-5814		3.61175
-6594		-13		-39		3.61815
-6590		-124		-49		3.62434
-18		7283		-32		3.63084
-44		-112		-72		3.63738
-15		-24		-37		3.64769
-39		-5		-66		3.65403
-50		-14		-6083		3.66043
-6607		7431		-5822		3.66685
-6607		7431		-5829		3.67321
-20		7546		-37		3.67976
-44		-118		-56		3.68592
-11		7285		-51		3.69251
-44		7235		-35		3.69921
-6554		7278		-5819		3.70561
-6562		7289		-55		3.73142
-6535		7176		-81		3.73793
-21		7424		-65		3.74453
-53		7176		-5804		3.75083
-6584		-7		-5798		3.77747
-6575		7289		-39		3.78379
-18		7294		-20		3.79049
-17		-8		-5804		3.79716
-6565		-1		-31		3.81852
-23		7259		-20		3.82502
-22		7275		-34		3.83159
-11		7273		-33		3.83796
-16		7204		-28		3.84452
-6282		7449		-33		3.85104
-6547		7445		-6052		3.85759
-119		7261		-5787		3.86377
-6543		7281		-56		3.87006
-37		-3		-66		3.8764
-1		-10		-50		3.88282
-43		7452		-6072		3.88943
-6571		-17		-5807		3.89581
-6574		-7		-5814		3.90217
-6595		7441		-53		3.90863
-25		-115		-54		3.91512
-7		7228		-16		3.92138
-18		7176		-30		3.92774
-6533		7449		-10		3.93427
-6552		7459		-6076		3.94067
-6545		7514		-5819		3.94712
-113		-122		-5836		3.95353
-6535		7191		-49		3.95981
-29		-15		-66		3.96624
-18		-5		-54		3.97279
-43		7168		-6045		3.97916
-6559		-22		-5807		3.98545
-6571		-19		-29		3.99173
-25		-122		-30		3.99813
-27		7260		-23		4.0046
-23		7229		-25		4.01091
-6556		7445		-32		4.01734
-6536		7447		-44		4.02381
-6542		7515		-6052		4.03034
-6549		7527		-5813		4.03676
-6529		7277		-73		4.04337
-6550		-23		-76		4.04956
-10		7432		-70		4.05597
-6547		7177		-50		4.06247
-35		-8		-55		4.07001
-31		7452		-65		4.07647
-21		-63		-5800		4.08296
-6581		-3		-5813		4.08909
-6591		-107		-50		4.09541
-37		7283		-29		4.10169
-6574		-29		-5796		4.10796
-6557		-60		-19		4.13013
-27		7262		-15		4.13671
-22		7276		-41		4.14307
-17		7202		-30		4.14951
-6531		7197		-40		4.15592
-6532		7434		-28		4.16259
-6545		7547		-5801		4.16886
-6535		7257		-5809		4.17503
-120		-16		-49		4.18137
-6		7177		-63		4.18779
-18		7433		-53		4.19435
-28		-10		-6041		4.20086
-6573		-9		-5797		4.20722
-6580		-23		-5805		4.21377
-6572		-18		-37		4.22027
-6637		7275		-22		4.2267
-18		-119		-22		4.23281
-6533		7474		-9		4.23916
-6542		7438		-19		4.24566
-6542		7451		-6058		4.25213
-108		7550		-5816		4.25858
-103		7245		-67		4.26489
-29		-12		-41		4.27115
-12		7430		-41		4.27762
-15		-43		-38		4.28422
-6392		7244		-25		4.29547
-34		7229		-15		4.30178
-6564		7460		-20		4.3081
-6547		7226		-6048		4.31443
-6536		7508		-5792		4.32077
-6539		7257		-5804		4.32743
-128		-25		-53		4.33365
-26		-9		-73		4.34006
-26		-11		-6038		4.34657
-6559		7185		-57		4.35285
-50		-10		-55		4.36082
-3		-36		-6050		4.36729
-6562		-56		-5803		4.37361
-6562		7428		-5810		4.37995
-6581		7284		-25		4.38633
-7		7275		-28		4.3926
-32		7279		-25		4.39899
-9		7196		-21		4.4054
-6536		-11		-13		4.41189
-127		7514		-5782		4.41833
-6544		7268		-5802		4.42453
-6543		7529		-6072		4.43102
-6646		7252		-23		4.45514
-18		7261		-19		4.4618
-6396		7177		-5		4.46825
-112		7483		-16		4.47462
-6275		-23		-8		4.48113
-121		-63		-5869		4.48771
-6550		7266		-21		4.49707
-6397		7255		-5888		4.5034
-4		7218		-6		4.50973
-23		7189		-13		4.51659
-6533		7456		-35		4.52314
-117		7431		-5783		4.52952
-6530		7503		-6047		4.53589
-116		7247		-5790		4.54245
-128		7289		-5793		4.54917
-110		-17		-49		4.55549
-7		-31		-33		4.56178
-108		-10		-36		4.56824
-14		-36		-5799		4.57554
-6551		-35		-21		4.58746
-34		7295		-23		4.59376
-6374		7256		-8		4.60024
-6		7247		-36		4.60696
-19		7207		-34		4.61347
-6538		7443		-27		4.61994
-6558		7490		-6065		4.62647
-6544		7531		-5823		4.63293
-6533		7249		-5812		4.63926
-6542		7269		-60		4.64568
-33		7170		-62		4.65208
-6399		-31		-6043		4.65838
-6392		-27		-6058		4.6648
-6543		7513		-5794		4.67122
-6538		7277		-5808		4.68064
-125		7246		-42		4.68717
-13		7209		-30		4.6935
-115		7449		-14		4.71
-6539		7424		-5802		4.71628
-128		7474		-6046		4.7228
-6543		7523		-5788		4.72944
-122		7255		-5806		4.73623
-6531		7268		-5797		4.74278
-6536		7185		-57		4.74943
-15		-5		-50		4.7558
-36		7424		-6058		4.76209
-6559		-46		-5795		4.76847
-6562		-47		-5779		4.7748
-50		-123		-31		4.78107
-11		-32		-6		4.7872
-6647		7273		-1		4.79471
-6653		7262		-32		4.80112
-4		7265		-3		4.80775
-6551		-46		-11		4.8141
-6		7253		-21		4.82925
-6397		7291		-29		4.83575
-22		7272		-28		4.84218
-6549		7460		-4		4.84869
-6563		-2		-19		4.85499
-6551		7466		-6067		4.86164
-6539		-126		-5793		4.86822
-6547		7295		-5819		4.87451
-125		-128		-81		4.88081
-59		7469		-48		4.88742
-6548		7456		-6065		4.89635
-6538		7543		-6080		4.90274
-126		-118		-5820		4.90936
-6544		7258		-62		4.91572
-36		7466		-61		4.92197
-45		7427		-6070		4.92836
-6535		7271		-5811		4.93471
-43		7428		-49		4.95426
-30		-16		-6051		4.96986
-6392		-8		-6046		4.97633
-6583		7174		-5799		4.98316
-6578		-32		-5794		4.98936
-6558		-26		-8		4.99606
-8		-20		-47		5.0046
-6532		7436		-6053		5.01124
-6543		7228		-5799		5.02745
-101		7259		-5782		5.03417
-6532		7265		-5815		5.04058
-6543		-128		-72		5.04728
-6534		-13		-61		5.05386
-13		-19		-51		5.06053
-6394		7440		-5800		5.06665
-6298		-29		-5796		5.07281
-6568		-15		-5803		5.07932
-6593		-128		-30		5.08595
-13		7283		-24		5.09226
-6393		7238		-6135		5.09873
-6549		7218		-20		5.10507
-6545		7230		-26		5.11143
-6273		7434		-9		5.11797
-6541		7495		-6070		5.12462
-6532		7257		-5800		5.13075
-6531		7294		-75		5.13699
-6532		-14		-56		5.14364
-3		-20		-53		5.14994
-25		7178		-6050		5.15621
-6572		-12		-5801		5.1627
-6579		7439		-33		5.16902
-6582		-3		-34		5.1756
-6573		7282		-28		5.18244
-15		7279		-33		5.18877
-15		7191		-4		5.19494
-6547		7226		-13		5.20138
-117		-12		-5875		5.20813
-6552		7439		-6061		5.21473
-126		7509		-5791		5.22107
-6532		7252		-40		5.22746
-6540		-22		-55		5.2337
-24		-8		-55		5.24017
-47		7525		-5820		5.24684
-6538		7287		-5831		5.25527
-6550		7274		-74		5.2616
-11		-9		-60		5.26805
-34		-30		-66		5.27449
-9		-25		-5792		5.28081
-6583		-39		-5818		5.28728
-6555		7277		-37		5.29347
-16		7263		-37		5.29985
-16		-100		-30		5.30659
-33		7431		-63		5.3131
-22		-83		-6034		5.33643
-6562		-68		-5793		5.3428
-6553		-21		-17		5.34896
-6566		7273		-22		5.35558
-19		-116		-31		5.36234
-6559		7474		-6097		5.37405
-6548		7544		-5820		5.38038
-6539		7269		-5787		5.38681
-6543		-11		-52		5.39321
-11		-14		-47		5.39945
-14		7430		-6067		5.40583
-26		-1		-5798		5.41228
-6582		7435		-5819		5.41883
-18		-25		-35		5.42567
-23		7439		-6050		5.44735
-6570		-9		-5835		5.45374
-6577		-18		-5794		5.4602
-6597		7437		-46		5.46659
-6570		-114		-54		5.47312
-2		7267		-38		5.47973
-21		7226		-43		5.48607
-6561		7461		-30		5.49223
-6549		7467		-6077		5.49864
-6536		-120		-5820		5.50505
-6549		7273		-58		5.51139
-6556		7183		-72		5.5177
-35		7448		-72		5.52423
-51		7445		-76		5.53067
-64		7441		-6087		5.53704
-6593		7430		-5834		5.54383
-6595		-8		-30		5.54994
-6584		7433		-50		5.55662
-39		-127		-39		5.5631
-16		7287		-43		5.56946
-28		7206		-36		5.57588
-6557		7485		-54		5.58219
-6559		-128		-6071		5.58845
-6531		7526		-5821		5.59483
-6535		7267		-5825		5.60132
-6613		-1		-5818		5.61265
-6610		7435		-5793		5.61934
-6549		-3		-5787		5.62632
-6562		-117		-43		5.63279
-6600		7288		-23		5.63917
-13		7286		-38		5.64572
-25		7215		-17		5.65212
-6556		7499		-19		5.65833
-6566		7430		-6080		5.66472
-6570		7540		-5799		5.67117
-6536		7258		-46		5.67767
-32		-12		-6066		5.7035
-6565		-17		-5804		5.70981
-6578		7449		-5792		5.71629
-6586		-16		-5801		5.72298
-6578		-49		-5799		5.72965
-6587		-12		-5821		5.7437
-6594		-109		-29		5.75046
-15		7539		-36		5.75692
-16		7265		-50		5.76348
-3		7182		-38		5.76972
-6555		7434		-38		5.77596
-122		7456		-6068		5.78244
-6543		7532		-6065		5.78897
-6537		7439		-19		5.79562
-6551		7512		-6054		5.817
-128		7263		-5812		5.82341
-120		7276		-60		5.82971
-6532		-14		-40		5.83612
-6559		7204		-55		5.84288
-23		7433		-46		5.84949
-36		-4		-61		5.85623
-14		-22		-6045		5.86287
-32		7424		-6061		5.86946
-6304		-44		-5789		5.87594
-6578		-16		-38		5.88234
-41		7541		-50		5.88876
-6		7267		-28		5.89524
-21		7222		-23		5.90149
-6540		7441		-30		5.9079
-6542		7445		-39		5.9143
-6561		7527		-6077		5.92094
-6552		7258		-5804		5.92721
-6543		7458		-34		5.93502
-6576		7473		-6075		5.95582
-6533		7530		-6069		5.96235
-115		-118		-5824		5.96901
-6566		-119		-75		5.97525
-67		7206		-77		5.98146
-50		-11		-76		5.98795
-22		7447		-65		5.99471
-47		-2		-5820		6.022
-6583		7168		-5818		6.02828
-6581		-25		-5792		6.0351
-6605		7445		-6063		6.04197
-6559		-111		-5821		6.05234
-116		7262		-5793		6.05876
-6536		7269		-59		6.06523
-6548		-128		-59		6.07178
-123		7185		-81		6.07862
-25		7457		-87		6.08507
-54		7473		-6096		6.09142
-6610		7435		-5818		6.09778
-6588		7464		-5832		6.10441
-6607		7430		-56		6.11095
-36		7283		-59		6.11723
-38		-111		-38		6.12349
-6569		7207		-23		6.12986
-6535		7491		-44		6.13625
-6533		7454		-6067		6.14277
-6533		7525		-5816		6.14909
-6552		7253		-47		6.1554
-6531		-36		-52		6.16176
-9		-4		-57		6.16832
-6585		-122		-29		6.1749
-14		7277		-18		6.18619
-7		7279		-40		6.19292
-25		7202		-22		6.19934
-6550		7461		-28		6.20579
-6547		7449		-6069		6.21206
-6536		7524		-5817		6.21835
-6562		-123		-5827		6.22475
-6560		7288		-75		6.2311
-47		7465		-66		6.23767
-6556		7198		-89		6.244
-50		7449		-112		6.26524
-60		7433		-6084		6.27166
-64		7478		-5819		6.27797
-6601		7455		-5823		6.28451
-6604		7471		-5824		6.29102
-6614		7441		-5841		6.29791
-6594		7442		-37		6.30478
-54		-90		-54		6.31103
-35		-128		-67		6.31736
-45		-96		-56		6.32398
-6591		7247		-54		6.33042
-6593		7496		-66		6.33688
-6558		-117		-5830		6.34333
-6594		-120		-5858		6.34947
-6560		-100		-74		6.35586
-6576		7209		-80		6.36242
-58		7476		-6098		6.36882
-37		-10		-5829		6.37508
-6608		7442		-5844		6.38131
-6612		7444		-58		6.38768
-64		-96		-51		6.39427
-33		7288		-31		6.40072
-56		-121		-56		6.40761
-63		7200		-51		6.41407
-6542		7461		-29		6.42032
-6548		7488		-6079		6.42677
-6546		7541		-6081		6.43331
-6559		7292		-73		6.43967
-6571		7186		-77		6.46637
-54		7464		-85		6.47296
-36		7434		-6080		6.47933
-51		-114		-5823		6.48574
-6613		7443		-5825		6.5127
-6615		7443		-83		6.51967
-57		-109		-60		6.52597
-58		-73		-54		6.53233
-12		7291		-56		6.53905
-6583		-126		-37		6.56089
-42		-116		-45		6.56724
-45		-117		-68		6.57386
-48		7206		-25		6.58023
-6570		7208		-24		6.58669
-6530		7481		-50		6.59339
-6589		7547		-6086		6.59989
-6572		-123		-5839		6.60603
-6554		-96		-69		6.61237
-6544		7190		-70		6.61863
-65		7173		-66		6.62567
-38		7467		-69		6.63218
-33		-4		-6071		6.63863
-6601		7442		-5821		6.64503
-6577		7433		-5792		6.65139
-6577		-1		-52		6.65802
-6651		-112		-38		6.66441
-47		7274		-29		6.6707
-6558		7216		-36		6.67686
-6555		7474		-40		6.68325
-6564		7472		-6071		6.68977
-6547		7537		-5818		6.69626
-6564		7285		-5838		6.7027
-6561		7200		-86		6.7091
-54		7451		-89		6.71543
-31		-8		-80		6.72196
-66		7462		-80		6.72868
-41		7459		-6063		6.73538
-6590		-17		-5804		6.74192
-6594		-4		-45		6.74817
-6598		7549		-41		6.75458
-24		7291		-39		6.76101
-48		7287		-28		6.76755
-6550		7216		-55		6.77386
-6553		7473		-31		6.78018
-6541		7534		-6075		6.7866
-6542		7539		-5811		6.79308
-45		7481		-79		6.79959
-16		7449		-6074		6.82573
-6600		-14		-5815		6.83209
-6594		7451		-5822		6.83851
-6621		-9		-5826		6.84545
-6611		-99		-64		6.85179
-39		-8		-103		6.86069
-71		7456		-67		6.86738
-63		7446		-6070		6.87398
-6593		7427		-5857		6.88049
-6598		7452		-5837		6.88694
-6612		-84		-64		6.89345
-24		7281		-61		6.89969
-32		-106		-48		6.90613
-52		7239		-71		6.91272
-6545		7459		-48		6.91927
-6579		-122		-6088		6.92538
-6556		7484		-6067		6.93161
-6573		-102		-5838		6.93866
-6576		-116		-5838		6.94499
-6592		7295		-68		6.95162
-6577		-10		-5807		6.97005
-6585		7286		-31		6.97647
-10		7262		-23		6.98278
-16		-117		-7		6.98916
-6543		7203		-18		6.99541
-6553		7470		-24		7.00207
-6565		7455		-29		7.00876
-6538		7541		-5815		7.0152
-6544		7290		-5782		7.02149
-119		7251		-53		7.02792
-6573		7440		-5816		7.0342
-6566		7260		-30		7.04569
-11		7282		-20		7.05205
-35		-109		-35		7.05844
-16		7292		-27		7.06538
-6575		-43		-5797		7.07375
-6567		-126		-29		7.08049
-14		7276		-39		7.08676
-22		-30		-5774		7.09312
-6555		7436		-5805		7.10169
-6571		7280		-29		7.10807
-28		7287		-14		7.11437
-9		-128		-6143		7.12068
-6552		7216		-8		7.1271
-6536		7459		-8		7.13363
-6552		7461		-6070		7.14022
-6550		7548		-5831		7.1465
-6577		7271		-5828		7.15311
-127		7266		-70		7.15972
-45		7184		-54		7.16595
-46		7479		-6064		7.17217
-39		7445		-5810		7.17844
-6561		-24		-5790		7.18483
-6559		7427		-48		7.19111
-15		-127		-41		7.19778
-3		7257		-38		7.20416
-27		7229		-36		7.21045
-6547		7472		-26		7.21693
-6550		7452		-6059		7.22326
-6531		7544		-5822		7.22963
-6563		-122		-5827		7.23589
-6566		-112		-5829		7.24239
-6599		-127		-43		7.26014
-20		7257		-23		7.26655
-6396		-10		-21		7.27285
-8		7200		-9		7.27952
-6561		7494		-19		7.286
-126		7452		-6071		7.29256
-6530		7529		-5804		7.29895
-6529		7289		-5808		7.30553
-6544		7223		-58		7.31191
-39		7429		-53		7.31815
-33		7432		-6064		7.32441
-52		7430		-5818		7.33071
-6577		-5		-5781		7.33711
-6570		7544		-13		7.34352
-2		7448		-18		7.34993
-6556		7525		-5833		7.36138
-6550		7281		-5817		7.36766
-6555		-30		-77		7.37393
-31		-22		-58		7.38026
-23		7428		-6069		7.38659
-59		7433		-5812		7.39306
-6607		7453		-5825		7.39963
-6594		-113		-42		7.40586
-40		-1		-6055		7.41229
-6586		7463		-5830		7.4205
-6598		7426		-45		7.42691
-26		-123		-36		7.43322
-66		-103		-46		7.43964
-25		7226		-58		7.44588
-6585		7500		-49		7.45227
-6561		7499		-6075		7.45852
-6553		-112		-5818		7.46522
-6557		7270		-73		7.47139
-6563		7184		-80		7.47775
-70		7468		-90		7.4842
-52		7459		-6096		7.4905
-6608		7431		-5841		7.49674
-6583		7498		-6100		7.50316
-6577		-123		-5832		7.51362
-6561		-111		-5845		7.5201
-6576		-105		-110		7.52645
-59		7190		-96		7.53276
-86		7463		-99		7.53948
-87		7476		-6123		7.54577
-6627		7471		-5844		7.55228
-6610		7490		-5836		7.55886
-6611		7460		-59		7.56538
-6548		7291		-60		7.58884
-6543		7175		-66		7.59525
-20		7442		-46		7.60172
-57		7444		-6086		7.60812
-6588		7430		-5820		7.61458
-6558		7233		-41		7.62106
-6567		7493		-6099		7.63203
-6563		-124		-6069		7.63836
-6540		7255		-5815		7.64484
-6546		7267		-75		7.65121
-6556		7187		-75		7.65759
-38		7444		-87		7.66384
-16		-14		-6065		7.6703
-47		7451		-5817		7.67673
-6568		7469		-49		7.6834
-6559		7467		-6052		7.69416
-6565		-121		-5832		7.70056
-6573		-125		-5824		7.70692
-6557		7274		-82		7.71332
-42		7458		-78		7.71984
-60		7434		-77		7.72602
-42		-1		-6086		7.73257
-6584		7447		-5815		7.73908
-6562		7290		-5827		7.74835
-6561		7203		-66		7.75466
-51		-21		-57		7.76118
-36		7457		-77		7.76757
-48		7434		-6091		7.77408
-6590		7424		-5821		7.78049
-6615		-126		-53		7.78671
-25		-111		-40		7.79303
-13		7292		-47		7.79971
-6595		7496		-6097		7.80639
-6551		7549		-5829		7.83207
-6542		-119		-5816		7.83842
-6551		-114		-88		7.84491
-50		7192		-112		7.8515
-6612		-3		-61		7.8578
-65		-117		-69		7.88342
-70		-95		-65		7.88971
-60		-66		-66		7.89626
-31		7425		-75		7.90285
-51		7451		-5833		7.91274
-6605		7451		-5823		7.91908
-6578		-11		-38		7.92547
-14		7267		-25		7.93176
-28		-128		-49		7.93814
-12		7207		-22		7.94444
-36		7437		-74		7.95094
-52		7437		-6072		7.96139
-6610		-7		-5816		7.96794
-6578		-3		-50		7.97414
-80		-102		-51		7.9803
-36		-114		-64		7.98661
-32		7284		-41		7.99318
-6582		7467		-52		7.99956
-6597		7503		-6097		8.00591
-6585		-108		-5832		8.01219
-6572		-124		-5822		8.01864
-6557		-124		-5845		8.02519
-6597		7440		-54		8.0317
-6614		-80		-59		8.04261
-53		-105		-68		8.04903
-57		7283		-55		8.05545
-6571		7243		-47		8.06196
-6564		7469		-65		8.06845
-6569		-126		-6102		8.0746
-6549		7545		-5830		8.08114
-6562		-109		-5832		8.08772
-54		7436		-6069		8.09416
-6583		-13		-5831		8.12017
-6601		7441		-5845		8.12653
-6588		7288		-36		8.13303
-6612		-105		-68		8.13965
-6547		7527		-5814		8.14605
-121		7233		-5791		8.17094
-98		7280		-25		8.17724
-121		-127		-61		8.18386
-6547		-6		-48		8.19061
-19		-2		-27		8.19701
-15		7175		-6071		8.20334
-6568		-19		-5768		8.20984
-6562		-36		-5795		8.21627
-6579		7271		-17		8.22264
-5		7291		-36		8.22917
-12		-127		-13		8.23552
-28		7188		-16		8.24183
-6566		7455		-21		8.24837
-6543		7460		-6072		8.25484
-6533		7543		-5793		8.26128
-6534		7257		-63		8.26744
-6536		7173		-43		8.27372
-26		-21		-42		8.2803
-52		7450		-6076		8.28667
-6592		-2		-5799		8.29305
-6577		-21		-5795		8.29938
-6599		7445		-49		8.30569
-34		7278		-34		8.31234
-28		7249		-23		8.31879
-17		7195		-36		8.32524
-6557		7474		-41		8.3316
-6546		7457		-6079		8.33797
-6552		7550		-5809		8.34435
-6549		7287		-5824		8.35084
-6542		7277		-64		8.35728
-19		7193		-63		8.36362
-39		7439		-89		8.37006
-22		7443		-6061		8.37647
-38		-37		-5799		8.38317
-6565		-12		-5821		8.38961
-6587		-11		-41		8.39574
-7		7258		-28		8.40237
-6397		7276		-30		8.40884
-12		7201		-13		8.41521
-6543		7455		-11		8.42161
-125		7458		-6056		8.428
-6534		7516		-5821		8.43434
-6554		7271		-5827		8.44072
-6530		7219		-5822		8.44731
-36		-4		-5810		8.45408
-6580		7428		-45		8.47917
-6641		-124		-28		8.4855
-25		-118		-21		8.49192
-20		-127		-39		8.49826
-6531		7462		-19		8.5048
-6566		7463		-29		8.5181
-6583		7512		-6100		8.52463
-6586		7512		-50		8.53207
-6567		7474		-6109		8.53862
-6587		-97		-6101		8.54519
-6558		7286		-5808		8.55172
-6552		-101		-84		8.55791
-6601		7444		-5813		8.56429
-6603		7441		-32		8.58986
-6590		7287		-36		8.59646
-6557		-121		-44		8.60294
-33		7445		-67		8.60966
-48		-7		-5817		8.61875
-6586		-7		-5816		8.62508
-6578		-22		-30		8.63168
-6593		7278		-38		8.63804
-12		-109		-67		8.64438
-49		7226		-27		8.65066
-6571		7448		-33		8.65701
-6541		7463		-19		8.66352
-6550		7479		-6072		8.67013
-6557		-101		-5816		8.67649
-6552		7195		-61		8.6826
-44		7452		-60		8.6889
-24		7438		-6066		8.69523
-26		7430		-5809		8.70173
-6578		-10		-5810		8.7081
-6582		-18		-29		8.71447
-18		-115		-36		8.72088
-18		7285		-39		8.72746
-6584		7285		-5840		8.73405
-6555		7273		-83		8.75862
-30		7457		-75		8.76524
-28		7440		-56		8.77156
-14		7427		-6058		8.77835
-6		-50		-38		8.78481
-44		7431		-55		8.80655
-47		7444		-6072		8.81308
-37		-7		-5804		8.8195
-6571		7436		-5821		8.82591
-6556		-10		-27		8.83232
-6581		7286		-3		8.83904
-3		7281		-29		8.84529
-28		7183		-15		8.85155
-6301		7443		-16		8.85809
-6543		7433		-6074		8.8644
-6540		7524		-5814		8.87068
-6559		7280		-5814		8.87722
-6552		-112		-59		8.8838
-6535		7197		-64		8.89014
-38		7448		-73		8.89661
-28		-10		-70		8.9032
-23		-5		-6049		8.90983
-6552		-114		-78		8.91631
-44		7461		-77		8.93149
-55		7477		-71		8.93796
-49		7182		-5835		8.94428
-6592		7433		-5820		8.95064
-6602		7443		-56		8.95703
-6623		-92		-49		8.9635
-48		-80		-54		8.97006
-38		-106		-17		8.97637
-6578		7199		-46		8.98269
-6589		7444		-5817		9.00623
-6583		7426		-57		9.01261
-42		7265		-32		9.01896
-29		7284		-43		9.02522
-23		7259		-45		9.03185
-12		7456		-6070		9.03856
-6595		-2		-5819		9.04803
-6603		-19		-5816		9.05441
-6596		7466		-37		9.06092
-31		7274		-55		9.06738
-24		7245		-42		9.0738
-38		7279		-35		9.08018
-6565		7234		-53		9.08662
-6564		7477		-31		9.09319
-6559		7469		-6083		9.09983
-6546		-123		-5824		9.1061
-6561		7294		-5816		9.11224
-6560		7199		-83		9.11881
-18		7430		-82		9.12527
-53		7448		-6094		9.13175
-40		7168		-5823		9.13818
-6568		7460		-5819		9.14445
-6576		7439		-5812		9.15085
-6605		7463		-53		9.15769
-49		-117		-73		9.16421
-63		7482		-6092		9.1869
-31		7424		-6073		9.19354
-6605		7452		-5810		9.2
-6615		7451		-5817		9.20668
-6606		7464		-26		9.21319
-37		7281		-50		9.21979
-41		7295		-46		9.2262
-34		-117		-35		9.23255
-47		7448		-75		9.23896
-34		7436		-6079		9.24951
-32		7433		-6051		9.25587
-6576		7436		-5807		9.26232
-6597		-2		-61		9.26873
-6579		7288		-35		9.27526
-23		-98		-53		9.28167
-35		7283		-41		9.28811
-46		-88		-42		9.29472
-30		7235		-25		9.30157
-6550		7447		-13		9.30789
-6571		7535		-6077		9.31426
-127		7510		-5831		9.32062
-6544		-109		-5802		9.32715
-128		-19		-48		9.3336
-6597		7433		-5812		9.34571
-6594		7435		-5809		9.35198
-6590		-29		-46		9.35868
-15		-106		-44		9.36514
-56		7285		-64		9.37149
-52		7218		-57		9.3779
-6562		7475		-39		9.38431
-6543		7477		-6080		9.39064
-6543		-100		-5811		9.39694
-128		7253		-5795		9.40326
-124		7290		-46		9.40979
-6537		7174		-59		9.41654
-6		7438		-30		9.42293
-22		7252		-5813		9.42919
-122		7282		-50		9.43761
-13		-9		-5807		9.44401
-6540		7244		-5773		9.4658
-6530		7255		-36		9.47229
-6547		-2		-51		9.4789
-6654		-14		-57		9.48523
-27		-3		-6050		9.49158
-18		-9		-6035		9.49808
-6297		7261		-44		9.50478
-15		-23		-6053		9.52619
-9		-30		-6062		9.53274
-6578		7437		-5798		9.53937
-6561		-2		-29		9.54567
-6573		7264		-30		9.55206
-9		7221		-10		9.55857
-20		7269		-28		9.56521
-6556		7471		-26		9.57139
-6543		7452		-14		9.57781
-6569		-122		-6065		9.58417
-6542		7551		-5814		9.59061
-6557		7290		-5805		9.59714
-6537		-128		-65		9.60357
-36		7177		-49		9.61029
-31		-17		-67		9.61681
-17		-6		-62		9.62327
-30		-50		-5820		9.62987
-6583		-3		-5806		9.63607
-6581		7425		-38		9.64235
-6585		7549		-63		9.64924
-66		-122		-35		9.6556
-34		7261		-35		9.66207
-6547		7215		-38		9.66854
-6548		7452		-25		9.67483
-6558		7458		-6068		9.68123
-6569		7551		-5817		9.68792
-6534		7273		-5804		9.69433
-6571		7514		-6080		9.70069
-6564		-120		-5835		9.70849
-6568		7476		-106		9.71484
-64		7473		-6103		9.72711
-80		7486		-5848		9.73353
-6645		7468		-5829		9.74008
-6574		-19		-44		9.74655
-6589		7272		-38		9.75304
-43		-108		-55		9.75951
-47		-91		-64		9.76585
-50		7213		-51		9.77247
-6579		7515		-49		9.77904
-6600		7507		-6100		9.78547
-6578		-116		-5819		9.79182
-6556		7268		-5819		9.79821
-125		7259		-57		9.80461
-16		-12		-57		9.81793
-8		7444		-66		9.8244
-12		7446		-6074		9.83078
-6543		7207		-11		9.83733
-126		7435		-6063		9.8479
-6533		7535		-6073		9.85429
-6534		7528		-5820		9.86075
-6538		7255		-5809		9.86734
-6537		7183		-62		9.87369
-40		-27		-61		9.88007
-41		7462		-6080		9.88643
-54		7429		-5818		9.89278
-6603		7459		-5829		9.89937
-6603		-125		-60		9.90585
-6599		-83		-54		9.91206
-64		7472		-5843		9.91868
-6602		7428		-5852		9.92704
-6611		-1		-50		9.93339
-56		-117		-71		9.93984
-47		-110		-58		9.94629
-13		7291		-47		9.95267
-6604		7490		-62		9.9591
-6582		7509		-6078		9.96528
-6572		-128		-6102		9.97169
-6567		-120		-5846		9.97834
-6553		7436		-5825		9.98472
-6592		7490		-64		9.99606
-6554		7522		-6083		10.0066
-6557		-114		-5833		10.013
-6580		-111		-5817		10.0195
-6533		-28		-62		10.026
-45		-32		-84		10.0322
-47		7431		-73		10.039
-35		-15		-6078		10.0454
-46		-100		-70		10.0518
-47		-96		-51		10.0774
-6581		7223		-41		10.0838
-6573		-105		-75		10.0904
-45		-110		-68		10.0985
-64		7451		-6084		10.1051
-60		7462		-5837		10.1284
-6614		7455		-5826		10.1349
-6612		7453		-57		10.1412
-6641		-100		-54		10.1477
-44		7549		-67		10.1545
-51		7294		-49		10.1609
-37		7233		-39		10.1672
-6577		7465		-42		10.1737
-6603		7516		-65		10.1801
-6562		-116		-6098		10.1868
-6560		-122		-5843		10.1931
-6564		7277		-5834		10.1997
-6586		7280		-72		10.2062
-54		7174		-64		10.2127
-39		7436		-89		10.2193
-71		7495		-5841		10.2257
-6615		7466		-5850		10.2318
-6621		7461		-72		10.2382
-63		-114		-83		10.2446
-65		-89		-78		10.251
-64		7262		-47		10.2573
-6582		7521		-57		10.2637
-6590		7530		-62		10.2702
-6581		-116		-6116		10.2766
-6569		-114		-5849		10.2832
-6558		-126		-92		10.2897
-47		7246		-85		10.2959
-55		7488		-104		10.3022
-44		7473		-6099		10.3087
-67		7435		-5836		10.3152
-6612		7464		-5823		10.3216
-6615		-113		-51		10.3279
-69		-98		-78		10.3342
-37		7285		-56		10.3407
-13		-119		-63		10.3474
-54		7182		-91		10.354
-54		7428		-82		10.3784
-87		7461		-6098		10.3848
-34		7453		-5815		10.3913
-6594		7460		-5832		10.3979
-6626		7461		-5848		10.4045
-6573		7540		-61		10.4111
-62		7450		-5835		10.4174
-77		7460		-6098		10.4253
-55		7450		-5829		10.4468
-6607		7460		-5833		10.4532
-6621		7458		-58		10.4597
-6623		-96		-60		10.4662
-40		-127		-66		10.4728
-70		-108		-81		10.4797
-66		-90		-67		10.486
-6580		7496		-55		10.4923
-6585		7505		-55		10.4987
-6601		-96		-6108		10.5052
-6576		-121		-5834		10.5116
-6558		-113		-80		10.518
-6568		7172		-81		10.5244
-48		7202		-77		10.5311
-36		7442		-76		10.5376
-41		7448		-6081		10.5444
-6592		7441		-5840		10.5506
-6630		7453		-5840		10.5569
-6607		-118		-51		10.5633
-49		-102		-59		10.5697
-23		-88		-43		10.5762
-40		7199		-47		10.5826
-6585		7470		-58		10.5889
-6576		7511		-6085		10.5954
-6566		-99		-6082		10.602
-6575		7278		-41		10.6085
-53		7284		-18		10.6179
-30		7209		-24		10.6243
-6560		7252		-56		10.6308
-6571		7476		-56		10.6373
-6578		-109		-6101		10.6437
-6578		7287		-5842		10.65
-6581		-89		-90		10.6562
-6556		7184		-88		10.6628
-62		7216		-103		10.6694
-6563		-94		-5836		10.6824
-6580		-123		-5810		10.6982
-6571		7196		-93		10.7047
-82		7444		-94		10.711
-56		7498		-86		10.7175
-75		7464		-6105		10.7241
-6615		7441		-5840		10.7305
-6593		7454		-5847		10.7576
-6635		-90		-63		10.7641
-65		-33		-66		10.7708
-6580		-111		-5835		10.7771
-6568		7280		-71		10.788
-6548		7207		-71		10.7943
-53		7451		-76		10.8008
-37		7428		-6074		10.8071
-6615		7437		-5799		10.8135
-6576		-17		-37		10.8198
-6588		-113		-36		10.8263
-24		7275		-49		10.8328
-21		7293		-24		10.8392
-6544		7468		-5887		10.8454
-6539		7495		-6097		10.8517
-6570		-111		-5805		10.8581
-6554		7293		-5812		10.8645
-6561		-126		-64		10.8709
-42		-3		-61		10.8773
-45		7456		-68		10.8837
-66		7436		-6072		10.8902
-6587		7442		-5813		10.8968
-6585		7446		-5805		10.9032
-35		-81		-38		10.9094
-32		7281		-51		10.9157
-27		7235		-39		10.922
-6594		7230		-35		10.9285
-6573		7463		-34		10.9349
-6579		7541		-6103		10.9415
-6561		-105		-5824		10.9478
-6550		7277		-5811		10.9545
-6563		-121		-5844		10.9613
-6569		7520		-5822		10.9681
-6566		7426		-5827		10.9934
-6609		7440		-57		11
-6609		-101		-47		11.0063
-46		-82		-73		11.0128
-43		-110		-63		11.0194
-6585		7430		-5792		11.0418
-6581		-5		-5832		11.0483
-6591		7266		-48		11.055
-24		-116		-44		11.0613
-44		-99		-63		11.068
-26		-115		-39		11.0748
-6583		7261		-39		11.0811
-6572		7491		-14		11.0874
-6562		7549		-6100		11.0939
-6548		-124		-5829		11.1002
-6544		-104		-5828		11.1066
-6565		7205		-79		11.1131
-48		7473		-108		11.1195
-41		7463		-94		11.126
-51		7465		-6084		11.1325
-43		7434		-6094		11.1391
-6601		7459		-5810		11.1458
-6589		7541		-40		11.1521
-47		-95		-64		11.1584
-48		-88		-33		11.1648
-63		7230		-46		11.1712
-6595		7504		-50		11.1776
-6592		7470		-6100		11.184
-6565		7541		-5806		11.1903
-6559		-111		-5830		11.1968
-6581		-114		-76		11.2034
-41		-11		-68		11.2097
-44		-4		-6080		11.216
-51		7450		-5806		11.2223
-6593		7431		-5800		11.2288
-6592		-106		-55		11.2351
-62		-96		-79		11.2414
-22		7293		-52		11.2481
-52		-127		-29		11.2547
-38		7217		-23		11.2613
-28		7212		-46		11.2677
-6577		7451		-42		11.2745
-6601		-113		-6099		11.2807
-6586		-94		-5833		11.2871
-6547		7286		-80		11.2936
-6577		7203		-92		11.3
-48		-25		-54		11.3065
-40		7447		-6072		11.3129
-6610		7435		-5814		11.3192
-6609		7445		-5840		11.3257
-6592		7481		-48		11.3322
-6569		-105		-6074		11.3432
-6577		-117		-5850		11.3495
-6558		-109		-5835		11.356
-6570		7245		-100		11.3626
-62		7230		-83		11.369
-70		7468		-6085		11.3754
-47		7446		-5818		11.3817
-6592		7443		-5819		11.3881
-6606		7491		-5835		11.3949
-42		7226		-48		11.4111
-6561		7485		-47		11.4267
-6564		7448		-6070		11.4333
-6558		-126		-6084		11.4398
-6565		-115		-5801		11.4464
-6594		-106		-46		11.4609
-34		-118		-55		11.4766
-36		7295		-46		11.4831
-37		7236		-38		11.4895
-6555		7222		-45		11.4962
-6577		7493		-6084		11.5027
-6566		-127		-5824		11.509
-6560		7264		-5834		11.5154
-128		-128		-82		11.5219
-6547		7261		-79		11.5287
-40		7204		-89		11.5351
-47		7475		-68		11.5416
-37		7470		-6075		11.548
-6591		-3		-5814		11.5545
-6606		7443		-5828		11.5612
-6599		7447		-65		11.5676
-31		-104		-58		11.574
-42		7461		-48		11.5804
-6571		7456		-6070		11.5926
-6571		7517		-5817		11.599
-6554		7295		-5831		11.6054
-6554		-121		-74		11.6119
-40		7186		-74		11.6183
-25		-5		-58		11.6246
-28		7457		-6064		11.6312
-36		7442		-5817		11.6378
-6580		-24		-5804		11.6443
-6585		-11		-44		11.6507
-6585		-105		-48		11.6571
-30		-114		-48		11.6635
-36		7218		-35		11.6699
-6564		7484		-33		11.6763
-6535		7426		-6065		11.6827
-6586		-2		-5806		11.6929
-6572		7444		-5816		11.6992
-6577		-128		-59		11.7129
-62		-69		-69		11.7192
-63		7294		-65		11.7257
-26		7190		-35		11.7322
-6558		7467		-37		11.7385
-6557		7472		-6083		11.7449
-6557		7485		-6087		11.7514
-46		7227		-47		11.7583
-6559		7493		-44		11.7663
-6577		-124		-6110		11.7726
-6550		7265		-5837		11.7788
-58		-125		-54		11.7852
-54		7209		-52		11.7944
-6568		7470		-37		11.8009
-6558		7507		-6096		11.8073
-6568		7521		-5828		11.8137
-6559		7292		-5830		11.8202
-6574		-98		-52		11.8266
-6576		7169		-68		11.833
-32		-8		-55		11.8395
-46		7429		-6098		11.8464
-27		7199		-29		11.8706
-6568		7485		-26		11.877
-6571		7442		-6081		11.8834
-6583		7543		-5833		11.8899
-6582		-116		-5851		11.8965
-6590		-102		-5842		11.9029
-6548		7202		-81		11.9094
-65		7458		-5816		11.9157
-6586		7474		-6090		11.9235
-6580		7547		-5808		11.9454
-6556		-125		-5814		11.9518
-6560		7252		-5825		11.9583
-6555		7237		-46		11.9649
-6556		7200		-83		11.9714
-55		7446		-79		11.978
-48		7439		-5809		11.9842
-6596		7463		-5823		11.9905
-6602		-115		-46		11.9968
-31		7273		-43		12.0032
-45		-118		-37		12.0096
-17		7210		-48		12.016
-6571		7517		-38		12.0223
-6575		7497		-6078		12.0287
-6584		7502		-6102		12.0352
-6568		7261		-5843		12.042
-6561		7279		-74		12.0481
-6564		7180		-55		12.0546
-6546		7181		-60		12.0612
-39		7452		-71		12.068
-32		-7		-54		12.0745
-29		7446		-6058		12.0811
-6601		7434		-5829		12.0876
-6582		-9		-5806		12.0941
-6597		7441		-56		12.1006
-25		-101		-61		12.1071
-77		-93		-56		12.1135
-51		-120		-60		12.1198
-70		-106		-59		12.1274
-34		-91		-74		12.1339
-30		7476		-6085		12.1506
-6607		7437		-5845		12.157
-6579		7425		-5835		12.1634
-6606		7272		-37		12.1699
-29		7529		-61		12.1762
-3		7270		-45		12.1828
-38		7295		-30		12.1894
-6583		7234		-67		12.1958
-6548		7474		-29		12.2022
-6568		7468		-6081		12.2086
-6553		-117		-5818		12.2151
-6553		-122		-75		12.2285
-6590		7218		-90		12.2347
-83		7488		-88		12.2411
-65		7480		-6081		12.2475
-6623		7460		-5841		12.2538
-6622		7459		-58		12.2603
-6615		-111		-20		12.2735
-23		-125		-48		12.28
-12		7257		-14		12.2866
-39		7226		-36		12.2931
-6585		7460		-44		12.2996
-6555		7432		-22		12.3059
-6550		7539		-6089		12.3124
-6553		-82		-5833		12.3191
-6556		7273		-5824		12.3256
-6540		7546		-27		12.3321
-6547		7488		-6077		12.3405
-6551		7524		-5822		12.3467
-6541		7256		-5817		12.3533
-6545		-103		-69		12.3598
-6539		7190		-63		12.3663
-24		-41		-55		12.373
-27		-16		-6050		12.3793
-61		-2		-6078		12.3856
-81		7452		-5841		12.3924
-6599		7476		-95		12.3991
-74		7470		-99		12.421
-71		7464		-6089		12.4274
-6621		7451		-5844		12.4338
-6619		7443		-60		12.44
-6613		-112		-40		12.4465
-49		-122		-52		12.4531
-42		7260		-41		12.4595
-6547		7199		-17		12.4657
-6553		7476		-22		12.4723
-6556		7468		-6071		12.4788
-6549		7540		-5822		12.4852
-6559		-119		-5823		12.4917
-6555		7190		-69		12.4981
-17		7461		-70		12.5045
-65		7441		-85		12.5109
-37		7463		-6076		12.5176
-6586		-12		-5813		12.5241
-6586		-16		-56		12.5303
-40		-122		-39		12.5365
-41		-128		-42		12.5431
-41		-125		-32		12.5496
-15		7209		-41		12.5562
-6549		7481		-30		12.5625
-6537		-2		-6061		12.5688
-6569		-124		-6036		12.5754
-6555		7510		-5810		12.5821
-6592		7449		-5833		12.5888
-6614		7436		-5814		12.6135
-6598		7272		-49		12.62
-35		-125		-36		12.6264
-40		-103		-40		12.6331
-36		-10		-6052		12.6395
-6591		7431		-5797		12.6623
-6589		-17		-5794		12.6689
-6573		7533		-32		12.6754
-33		7261		-28		12.6818
-29		-124		-42		12.6883
-25		7189		-22		12.6948
-6533		7458		-67		12.7012
-6584		-94		-6104		12.7074
-6561		-123		-5828		12.7137
-6561		-98		-110		12.7201
-6577		7205		-83		12.7265
-50		7435		-70		12.7329
-36		7447		-6081		12.7393
-6574		7437		-5844		12.7456
-6572		7440		-5820		12.7521
-6567		-20		-37		12.7587
-36		7287		-55		12.7651
-24		-104		-51		12.7713
-23		7201		-13		12.7777
-6538		7445		-44		12.7841
-6563		7531		-6082		12.7904
-6545		7283		-5802		12.7968
-6553		7274		-60		12.8032
-6542		-22		-42		12.8096
-19		-17		-72		12.816
-28		7447		-6060		12.8228
-39		-14		-5789		12.8289
-6584		-41		-5785		12.8353
-6561		-21		-5799		12.842
-6592		-20		-5811		12.8492
-6587		-2		-5810		12.8558
-6582		7424		-46		12.8626
-42		-113		-44		12.8689
-17		7292		-5		12.8751
-6533		7188		-45		12.8814
-44		-8		-5808		12.8877
-6604		-5		-5805		12.9114
-6580		-23		-47		12.918
-35		7551		-39		12.9244
-60		-117		-42		12.931
-40		7271		-23		12.9376
-36		7197		-30		12.944
-6550		7480		-18		12.9502
-6587		-105		-6078		12.9566
-6579		-128		-5835		12.963
-6545		-122		-65		12.9693
-6570		7184		-89		12.9756
-35		7443		-67		12.9825
-54		7428		-57		12.9889
-51		7434		-6075		12.9954
-16		-3		-6073		13.0023
-6595		-1		-5805		13.0086
-6588		-2		-52		13.0148
-22		-121		-54		13.0213
-52		-110		-54		13.0278
-23		7289		-60		13.0347
-41		7231		-71		13.0411
-6575		7452		-45		13.0475
-6567		7472		-6084		13.0539
-6578		-100		-6073		13.0603
-6544		7517		-5812		13.0668
-6558		7274		-5805		13.0735
-6555		7201		-77		13.0797
-24		-17		-67		13.0862
-25		-7		-79		13.0926
-28		-8		-6077		13.0991
-6589		7433		-5821		13.1055
-6598		7431		-42		13.1119
-46		-113		-52		13.1182
-23		-110		-48		13.1246
-30		7268		-14		13.1311
-39		7444		-66		13.1377
-19		7435		-72		13.162
-9		-20		-5812		13.1684
-6594		7444		-5824		13.1747
-6572		-3		-5827		13.1814
-6574		7443		-54		13.188
-6560		-110		-6069		13.199
-6536		7282		-5827		13.2054
-6552		-100		-5830		13.2119
-6567		-10		-86		13.2184
-58		7437		-89		13.2248
-29		7447		-88		13.2311
-53		7180		-6072		13.2376
-47		7460		-6082		13.2441
-45		7441		-6076		13.2509
-6577		7445		-5802		13.2718
-6586		7436		-5811		13.2784
-6580		-19		-44		13.2849
-6610		7533		-54		13.2916
-48		-117		-56		13.298
-35		7273		-39		13.3047
-14		7194		-25		13.3109
-6553		7504		-16		13.3172
-6549		7462		-6060		13.3237
-6529		7529		-5790		13.3302
-6535		7286		-5811		13.3365
-6546		7271		-56		13.343
-43		-54		-50		13.3495
-18		7466		-59		13.3558
-36		-43		-71		13.3623
-8		-44		-5807		13.3692
-6586		-36		-5815		13.3754
-6580		-28		-30		13.3818
-17		7541		-61		13.3882
-27		7293		-47		13.3947
-39		7208		-23		13.4011
-6561		7474		-22		13.4076
-6557		7447		-31		13.4139
-6554		7538		-6050		13.4205
-6534		7481		-5797		13.4271
-6541		7252		-6060		13.4336
-6549		7465		-6065		13.4417
-6540		7546		-5832		13.448
-6548		7171		-60		13.4545
-26		-3		-37		13.4809
-4		-15		-63		13.4873
-37		7433		-6066		13.494
-6573		7434		-5805		13.5005
-6580		-4		-58		13.5069
-40		7451		-6066		13.5289
-28		-31		-6071		13.5353
-6596		7428		-5818		13.5418
-6601		-18		-5817		13.5483
-6563		7284		-36		13.5548
-6588		-120		-31		13.5613
-56		-109		-46		13.5679
-39		7209		-19		13.5742
-6292		-37		-17		13.5807
-6544		7448		-13		13.5873
-127		7436		-6056		13.5937
-116		7530		-5797		13.6001
-6537		-122		-5816		13.6067
-6533		7202		-52		13.6131
-21		-1		-65		13.6195
-26		7430		-62		13.626
-19		-33		-6077		13.6326
-6581		7437		-5815		13.6388
-6580		-5		-34		13.6451
-6576		7294		-9		13.6515
-6648		7267		-34		13.6581
-43		7263		-23		13.6645
-6399		7210		-40		13.671
-6551		7478		-32		13.6774
-6574		7499		-43		13.684
-6567		7483		-6084		13.6906
-6552		7264		-5823		13.6971
-6548		-115		-57		13.7033
-44		-10		-75		13.7096
-50		7436		-78		13.716
-26		7456		-6066		13.7224
-6586		7436		-5817		13.7289
-6611		7469		-5813		13.7353
-6587		7537		-38		13.7418
-44		-103		-48		13.7482
-43		7285		-58		13.7548
-32		7248		-49		13.7614
-6561		7432		-47		13.7675
-6547		7463		-6069		13.774
-6558		7519		-5802		13.7803
-6535		-125		-5815		13.7869
-6547		7294		-65		13.7933
-32		-8		-67		13.7998
-36		7463		-79		13.806
