 X		Y		Z		Time[us]
571		1134		-80		-4.42808e-44
-37		-19		-92		0.00637297
522		-37		16716		0.0127229
566		1116		-33		0.0189949
99		-28		-88		0.0253209
550		1114		-28		0.0351198
376		1094		-70		0.0413948
-61		-5		16898		0.0554058
586		1083		16438		0.0618307
619		-81		-81		0.0682697
-56		-113		16391		0.0747307
1031		-24		-76		0.0806366
-3		1297		17264		0.0956206
570		1114		16999		0.10177
598		1151		16443		0.108187
604		1120		-81		0.133929
-116		1070		17187		0.140351
363		-70		-99		0.146494
-28		818		-108		0.152905
-120		-36		-86		0.159281
370		-12		16746		0.165672
-97		-11		17459		0.177003
-25		-117		16657		0.183324
-20		872		17152		0.189712
-34		-53		16685		0.196057
326		-81		16189		0.202337
568		-113		16906		0.208787
-56		1042		-72		0.215209
382		1038		17533		0.221556
542		1029		-86		0.227971
-29		-16		-47		0.234243
528		-101		-54		0.242083
562		1111		-76		0.248455
814		1122		-55		0.257055
-68		-84		-47		0.263428
623		-52		-36		0.269995
-128		1052		-32		0.276398
-56		1058		16652		0.282673
317		-117		-5		0.289056
808		1099		16219		0.29546
554		1030		-124		0.301929
-37		-70		17199		0.308283
-112		-45		-64		0.314842
324		1337		-81		0.321205
-69		1132		16479		0.346301
-21		-85		16165		0.352683
-59		-11		-6		0.359198
327		1300		16220		0.365502
-118		1124		-22		0.372212
-40		1111		16248		0.381936
603		1090		16983		0.388258
-20		-86		-17		0.394547
-128		-92		15989		0.400869
800		1400		17252		0.407202
858		-16		17255		0.413641
-21		-36		16500		0.419832
-8		1034		17245		0.426267
287		1118		-31		0.432748
558		1390		-99		0.43946
271		1128		15875		0.465082
-34		-105		16403		0.471594
778		1345		-117		0.477953
533		1131		17011		0.48444
546		1098		16144		0.490749
-31		1378		16164		0.51302
866		1104		-125		0.519526
-93		-38		-118		0.525943
-104		-44		16699		0.532285
-6		1096		17187		0.538717
794		1055		-27		0.545223
268		-9		15881		0.552085
536		1142		-117		0.558391
-63		1316		16669		0.564909
611		1146		-107		0.571303
547		-80		16969		0.577654
526		-49		15930		0.583994
-58		-20		-74		0.59038
274		-21		15937		0.596874
272		1300		-106		0.603313
798		-47		-103		0.609682
515		-121		-3		0.616161
-110		1038		16233		0.622299
628		-27		15954		0.628397
519		890		-71		0.634892
258		1094		-111		0.641366
353		-7		-82		0.647761
-3		1084		-56		0.65423
382		1080		-123		0.660619
-66		1144		16486		0.666927
-82		1324		-101		0.673425
-49		-42		-111		0.680248
-56		-88		16479		0.693193
-13		1149		-115		0.699524
-85		-69		16412		0.70604
538		1288		-125		0.71235
-18		-81		16660		0.718724
-6		-20		16685		0.725134
789		1112		16155		0.731426
-59		-53		16480		0.737888
264		-45		-108		0.744585
-28		1067		16944		0.751121
-56		-113		-70		0.775573
371		1064		-120		0.78199
563		-60		-17		0.788205
-126		1120		16474		0.794601
-106		1304		15968		0.801175
-85		-45		16663		0.807613
539		-77		16751		0.816899
559		-109		-125		0.823184
-53		-13		-72		0.82956
-20		1303		-104		0.835949
282		-40		17171		0.842298
373		1313		17252		0.848497
626		-70		16973		0.854948
-126		-85		17023		0.861376
-5		-40		16507		0.867839
-4		1056		17736		0.894134
-89		1072		-36		0.90066
620		-118		16156		0.907034
533		1287		17180		0.913537
-26		1351		16438		0.919915
333		-15		-111		0.943188
324		-92		16152		0.949572
336		1291		-124		0.955884
575		1315		17163		0.96224
559		-57		-115		0.968761
586		1072		-126		0.975368
-90		-69		16703		0.985839
-29		1375		-99		0.992116
-17		-27		-48		0.998621
515		-40		-64		1.00496
-65		-104		-84		1.01141
533		-85		16204		1.01761
592		-80		16697		1.02399
359		822		-107		1.03056
-113		-48		15994		1.03732
-50		1538		16964		1.04379
-79		1282		17767		1.04988
259		1146		-92		1.05626
-37		845		-33		1.06254
1		-51		16685		1.06889
-101		1085		16173		1.07554
-6		-120		17245		1.0819
-81		-85		-28		1.08842
-20		1291		-76		1.09485
816		1128		16995		1.10139
-66		-15		16224		1.1078
-50		-19		16715		1.1343
-96		-52		16938		1.14065
-59		-44		17169		1.14697
347		1148		-7		1.15361
-115		-20		-70		1.15988
582		-117		15967		1.18359
-79		1090		16486		1.19019
-61		1131		-68		1.19649
298		-33		16696		1.20292
324		1389		17533		1.20962
351		-24		16248		1.23224
315		-56		-71		1.23876
-101		1118		-111		1.24504
319		-92		-39		1.2515
-56		-9		16739		1.25795
380		880		16943		1.26475
14		1050		-128		1.27091
799		-56		-128		1.27707
1143		1621		-121		1.28338
347		-32		16205		1.28971
1315		-47		16953		1.29615
-56		827		-20		1.30253
595		829		17012		1.30883
593		-22		-51		1.31536
840		1151		-82		1.32184
274		1062		-103		1.32833
-99		-4		17165		1.35485
628		1056		17431		1.36121
-1		1292		16760		1.36758
536		1096		16464		1.37397
-61		-4		16432		1.38998
-96		-5		-78		1.40584
382		-27		-69		1.41213
579		1386		-39		1.41871
564		839		-33		1.42518
322		-118		16249		1.45188
-59		-54		-76		1.45831
543		-125		16907		1.46466
326		-96		17238		1.47113
775		-57		-128		1.48079
619		-40		17249		1.48724
528		-109		-115		1.49369
570		1078		-52		1.50003
-38		1029		16459		1.50636
786		-57		15617		1.51278
-42		-45		17180		1.51905
-74		1296		17931		1.52566
-40		-38		17511		1.53257
337		878		-116		1.54351
611		1280		16739		1.54986
-33		1109		-124		1.55613
-114		1142		17727		1.56253
268		-28		-91		1.56884
534		1040		-86		1.57516
102		1045		15903		1.58158
-58		-111		-73		1.58808
867		1103		-46		1.5944
836		-93		17520		1.62013
339		-80		18031		1.62653
-9		1547		17434		1.63279
520		1123		16168		1.63939
-20		1085		-112		1.64567
-49		-60		-80		1.66939
608		1299		-11		1.67574
-42		-49		-91		1.68214
578		1101		15940		1.6885
-25		1054		16713		1.69489
-66		-11		16683		1.7013
628		810		-1		1.70774
-17		-24		-59		1.71407
-105		-85		16185		1.72305
893		-3		-37		1.72942
-36		1136		-4		1.73585
-38		-45		16490		1.74236
-72		-86		-10		1.7487
291		-112		15935		1.7551
-42		1134		16711		1.76144
-110		-35		-85		1.76775
622		-115		-14		1.77406
104		1115		-55		1.78047
374		-88		-16		1.78914
-93		-100		16750		1.79531
-1		1306		16977		1.8016
612		1351		-80		1.80805
535		-16		17437		1.8144
-8		1083		-60		1.82086
-17		-72		-25		1.82722
610		1339		16241		1.83344
-86		-25		16732		1.83983
-50		1084		16691		1.84621
-28		1107		-8		1.85251
-29		-53		-75		1.87407
803		1144		17258		1.88055
-69		1067		-105		1.88689
804		1115		-3		1.89327
-79		-57		15989		1.89972
365		1377		16760		1.90618
539		-73		17203		1.92886
630		-82		-45		1.93545
526		-65		16655		1.94197
556		1098		-57		1.94819
328		-35		-112		1.9547
550		-27		-99		1.96127
-8		-76		-63		1.97261
103		-51		16192		1.97909
-98		-80		-35		1.98554
-12		1083		-4		1.99203
-125		1308		-111		1.99837
-75		1120		17258		2.00463
-86		-104		-99		2.01102
-82		1098		-61		2.01749
53		-36		17469		2.02397
-42		1348		16672		2.0334
-66		1067		16500		2.03967
323		1120		-128		2.04612
-58		1140		15897		2.05265
-73		1341		-61		2.05918
343		1136		-5		2.06538
-94		-45		-21		2.07179
373		1048		-28		2.07825
-62		1058		15719		2.08472
97		-37		16206		2.10977
-73		1078		17240		2.1166
-72		1027		17176		2.1229
-1		1140		16908		2.12918
819		-15		-118		2.13556
544		892		16657		2.14226
-113		-44		16944		2.14864
816		-61		15663		2.17325
-92		-74		16683		2.17963
552		-16		-13		2.18597
800		-62		-33		2.19249
322		1084		-33		2.1989
840		-102		16508		2.22314
-85		-17		16144		2.2295
341		-125		16455		2.23598
-61		1098		-60		2.24249
776		1144		16647		2.24886
26		-109		16928		2.27312
-9		867		15657		2.27942
599		-11		-40		2.28577
-26		-61		16765		2.29229
592		1103		-29		2.29908
353		-17		17472		2.32303
573		1051		-47		2.32939
-3		1110		16491		2.33573
-121		1100		-41		2.34222
-24		1355		16924		2.34878
-92		-33		16961		2.37244
636		-86		-111		2.37883
288		1126		-4		2.3852
-59		-124		16202		2.39165
355		-91		-13		2.39834
-6		-80		16436		2.42196
604		-17		16166		2.42836
616		-74		-53		2.43466
-113		-45		16240		2.44133
-112		-8		-12		2.44801
-16		1335		15965		2.47056
-48		1333		16664		2.47708
-78		1040		17675		2.48332
292		1090		16662		2.4898
-62		-44		16236		2.49622
-6		1039		16410		2.50284
-104		1070		-20		2.51369
-118		1144		17160		2.51992
308		-96		-102		2.52635
379		1026		16237		2.53298
326		-58		16469		2.53936
-38		1383		-77		2.54568
-113		1288		-80		2.55214
-121		-102		-115		2.55883
598		1030		-107		2.56516
627		-104		-84		2.57165
-126		-64		16506		2.57794
298		1149		-5		2.58426
-48		-99		16232		2.59357
-9		-84		17499		2.59996
379		1282		16672		2.60633
-43		1099		17168		2.6127
327		-1		-112		2.61926
-106		-65		-20		2.62607
540		-97		15992		2.63248
584		1143		16931		2.63882
571		1134		-116		2.64522
-79		-95		16988		2.65164
-125		1055		-118		2.65835
-123		1400		15696		2.66461
292		-80		15990		2.67087
-26		1082		16673		2.67705
570		-56		-57		2.68333
-95		-61		16479		2.68956
122		1149		-47		2.69757
327		1034		16987		2.70812
535		-114		16968		2.71442
323		1315		-19		2.72081
884		1383		-107		2.72704
-12		-102		-99		2.73347
580		874		16152		2.73992
274		-99		-27		2.74623
316		-16		17215		2.75273
615		1287		16132		2.75908
614		-19		15877		2.76531
-20		-22		-64		2.77168
-89		1060		15875		2.77975
-1		-108		16760		2.78618
-75		1078		-77		2.79266
-13		-15		-35		2.79902
844		1127		16952		2.80536
-9		1038		-29		2.81218
-14		-8		-70		2.8186
315		-16		16668		2.82485
554		1142		16982		2.83135
-79		1110		15703		2.83775
-45		-25		15888		2.84827
349		867		16470		2.85457
367		-53		16475		2.86105
-69		-78		-42		2.86741
528		1151		-1		2.87384
600		1115		17520		2.88033
773		1299		-24		2.88654
-48		-32		-40		2.89299
560		-101		16755		2.89961
120		871		-76		2.90595
-104		-24		16919		2.93049
806		-70		16176		2.93698
-125		1105		-113		2.94329
872		-48		17172		2.9497
578		-60		-55		2.95635
556		-78		15885		2.97804
522		-17		-1		2.98441
823		-53		-101		2.99084
-63		-31		15919		2.99712
-97		1382		17477		3.00369
-18		-97		15917		3.01045
-109		-97		16906		3.01701
-25		1075		16767		3.02316
-111		1335		17208		3.02958
770		1104		-35		3.03589
835		-111		16730		3.04224
-66		1398		-84		3.04869
-127		1582		-94		3.05495
524		1537		17730		3.0613
550		-56		16689		3.06769
-70		1345		-52		3.0744
-3		1136		16705		3.0807
-122		-40		-21		3.08683
-117		-74		-69		3.09313
538		1051		-48		3.0995
892		-47		16491		3.10584
-42		-19		-67		3.1123
611		-45		16939		3.11882
-42		1114		-8		3.12509
-74		1118		-9		3.13153
303		-67		15708		3.13804
531		-122		16192		3.14451
542		-84		-100		3.16752
790		-111		16464		3.1739
-93		-52		-121		3.18017
294		1394		16758		3.18671
-100		-37		16708		3.19304
-45		-100		-112		3.19945
-66		1096		-120		3.20572
-25		1085		16253		3.21195
635		1132		-64		3.2201
573		1337		-58		3.22806
-92		1134		15877		3.23434
-21		1025		16166		3.24077
573		-109		16748		3.24706
-24		-96		-49		3.2535
-100		-100		-61		3.2599
558		1375		16943		3.26603
-106		1315		-69		3.2724
588		1315		16208		3.27879
-9		-37		15901		3.2854
818		1320		-15		3.30751
-106		1127		16475		3.31388
-125		-124		-64		3.32027
-69		-101		16734		3.32649
623		-53		16747		3.33313
637		-102		-7		3.33979
-78		1101		-109		3.36701
563		-92		17160		3.37342
783		-33		-108		3.37983
-16		-38		16204		3.38636
514		1139		16922		3.39266
1032		1029		-65		3.40155
829		-128		-21		3.40782
636		-20		-20		3.41416
-61		1062		17167		3.42051
-124		-52		-75		3.42683
-78		1296		-15		3.43313
-63		1315		-127		3.43958
603		-81		-82		3.44613
598		1135		16464		3.45265
337		-68		-17		3.45894
-37		-37		-27		3.46507
616		1112		16484		3.47149
-56		1082		15983		3.47784
-6		-53		16707		3.48421
826		1146		16408		3.49059
-93		-25		15973		3.49691
-83		-117		-36		3.50313
573		-94		15719		3.50955
-1		-109		-11		3.51615
519		-118		-84		3.5376
-70		-51		16194		3.54403
-124		-20		16427		3.55038
576		1122		16992		3.55651
622		1120		-11		3.56285
527		-3		16228		3.56935
566		883		-104		3.57601
576		-124		16666		3.60028
895		-22		16902		3.60669
636		-51		16159		3.613
-13		1100		-40		3.61963
262		-73		16252		3.6262
-88		1115		-112		3.6479
-83		1027		16915		3.65432
-41		1148		-33		3.66065
-91		-78		16194		3.66691
-54		-68		-55		3.67337
-68		1105		-47		3.68008
783		1056		-108		3.6863
-115		1094		16177		3.69251
-18		-36		-94		3.69904
317		-122		-42		3.70528
-115		1332		-54		3.71173
-63		-24		-123		3.71802
551		-21		16650		3.72437
628		-19		17154		3.73071
-38		-67		-44		3.73719
-63		1067		-120		3.74368
822		-88		16418		3.74982
632		-106		-35		3.75631
-78		-61		-109		3.76273
-12		-28		-55		3.76911
371		-76		16252		3.77665
774		1280		-59		3.783
-8		1311		-123		3.7895
-78		1030		16911		3.79563
567		-118		16487		3.8018
-105		-124		16194		3.80808
778		1062		-39		3.81702
-62		1110		-60		3.82336
583		-62		-27		3.82982
580		1056		-56		3.83616
-100		-25		-121		3.84253
-3		1148		16201		3.84888
818		1111		16201		3.85505
56		1140		-118		3.86143
631		-121		-57		3.86819
-106		-48		16255		3.8745
-106		-89		-10		3.90073
-101		1357		-22		3.9071
-12		-12		-108		3.91351
-67		1313		16498		3.91978
636		1139		-126		3.94543
618		1382		-92		3.95182
815		1293		-123		3.95819
786		-116		17005		3.9646
-73		1361		-28		3.97124
631		1105		16166		3.99063
630		1345		16705		3.99696
-18		-73		-96		4.00329
-101		1101		-106		4.00969
-127		-60		-52		4.01611
-48		-93		16412		4.02255
515		1104		-72		4.04693
-34		-17		-96		4.05343
-111		-27		15400		4.0597
-93		-67		16249		4.06622
514		-60		17249		4.0728
1060		-60		16159		4.07919
548		1040		-26		4.10046
-32		1079		16399		4.10692
1067		-127		16655		4.11322
-117		1123		17700		4.11957
1353		-73		-82		4.12605
572		1123		15733		4.13271
-38		-77		16244		4.13907
87		-20		16659		4.14523
71		1309		-116		4.15156
-58		882		17695		4.15804
-63		1345		-22		4.16433
887		-41		-119		4.17072
-92		1308		16387		4.17702
1644		1324		-85		4.18342
831		-31		-93		4.19023
-65		-72		-65		4.19668
598		-61		-96		4.20304
536		-89		-63		4.20921
548		-16		16705		4.21552
-20		-37		16647		4.22179
1320		-125		16648		4.22819
-8		1126		16506		4.23473
-106		-44		-100		4.2411
1095		1377		-126		4.24727
-125		1084		16210		4.25364
-66		-85		16235		4.26012
-21		891		16205		4.26687
848		-78		16993		4.2781
-78		863		-20		4.28434
1333		1060		17465		4.29078
-109		-45		16993		4.29706
-81		-49		-118		4.30357
774		1284		-46		4.31002
1052		1316		16412		4.31626
868		-120		-45		4.32276
-48		-113		-107		4.32947
-102		-92		-123		4.33574
880		1309		17236		4.36004
-126		-37		16927		4.36648
1300		1064		-85		4.37271
1309		-22		-60		4.37938
1112		-53		-60		4.38594
-61		1280		16953		4.39706
1062		782		-37		4.40341
-80		1149		-104		4.40984
-72		-72		16907		4.41608
-73		1333		16677		4.42245
1056		-113		15888		4.42879
822		1148		-118		4.43515
-1		1105		17469		4.4416
-36		-124		-64		4.44835
-69		1115		-1		4.45928
-77		-65		16248		4.46553
1092		1303		16957		4.47184
1144		-25		-116		4.47828
1036		1311		-117		4.4846
-58		-1		17003		4.49082
-107		1343		-62		4.49721
1381		-73		-3		4.50399
-64		1308		16385		4.51036
616		-99		16920		4.51909
839		-38		17163		4.52537
1052		-73		16511		4.53173
-69		-44		-27		4.53812
-31		1146		-114		4.54451
-124		1315		-48		4.55099
-58		1075		16149		4.55744
608		1329		16406		4.5638
1563		-73		-36		4.57039
-19		-101		16424		4.57671
1356		-28		-1		4.58787
-73		1118		16704		4.59421
-46		-62		-86		4.60061
862		-52		-37		4.60692
-41		-54		-68		4.61334
1395		1068		-117		4.61982
1378		1046		-77		4.6262
-8		1296		-81		4.63253
878		-95		-9		4.63905
798		-128		16647		4.64539
1896		1142		-110		4.66937
1327		-113		16483		4.67574
860		1112		-116		4.68208
1064		-56		-4		4.68853
1357		-56		-4		4.69527
1831		-78		16143		4.70183
1304		-54		16656		4.70814
-92		1568		-38		4.71444
-93		-86		-67		4.72588
-19		1076		-53		4.73221
-42		1290		-65		4.73863
-18		-109		16941		4.74486
-118		1300		16722		4.75126
-118		-108		-9		4.75763
844		-97		-104		4.76381
1319		1623		16188		4.77036
1291		-89		16436		4.77717
1797		-15		-72		4.78371
775		1379		-115		4.8091
1127		1042		16225		4.81546
-101		1085		16909		4.82178
-20		-21		-73		4.82853
-9		1359		16406		4.83488
-73		1094		16394		4.85891
-86		-65		16971		4.86528
-46		1374		16648		4.87172
1539		1143		15924		4.87824
-113		-57		-29		4.88486
1539		1282		-7		4.90845
1340		-85		-19		4.91487
1584		-68		-6		4.92115
1085		-57		-116		4.92764
1074		-116		-88		4.93435
1608		-38		-72		4.95617
-110		-16		-47		4.9626
1319		-27		16896		4.9693
807		1384		15884		4.97557
1296		1055		17248		4.98222
-69		-5		-99		4.98905
-125		-106		-61		4.99546
1293		1341		16168		5.00175
1320		-67		-7		5.0082
1391		-20		17420		5.01915
1400		-109		16965		5.02552
1658		-73		17019		5.03194
-34		1148		15976		5.03843
1554		-56		15670		5.04507
-68		-69		-24		5.05138
-79		-101		-100		5.05786
-53		-122		-40		5.06445
-121		1312		-3		5.07111
1880		-94		-32		5.07756
1389		-73		-72		5.08601
-38		1355		15904		5.09248
-37		-35		17217		5.0988
-24		-73		16128		5.10546
1362		-8		-30		5.11177
-72		1324		-111		5.12429
-38		1104		16394		5.13095
1397		-21		-112		5.13741
-115		-22		17452		5.14374
1343		1109		-100		5.15009
-53		1038		-27		5.15649
1799		-67		-55		5.16272
-32		1327		-102		5.16913
-43		1291		15946		5.17548
1328		1051		-1		5.18194
-101		1302		-1		5.18811
-121		-97		-15		5.19442
-77		1357		15682		5.21639
1309		1309		-15		5.223
1882		1340		-52		5.22926
1903		1309		17269		5.23556
1638		-104		16400		5.242
1802		1315		-57		5.24864
-32		1116		-15		5.26351
-96		-117		16186		5.27882
1541		1147		16697		5.28516
1828		1366		16503		5.29141
1642		-122		-111		5.29789
-9		1082		16748		5.3045
1651		-53		-96		5.32614
1390		-17		-77		5.33273
1320		-63		-43		5.33909
-120		1335		-88		5.34538
1878		-98		17194		5.35184
-18		1297		17436		5.35872
1550		-89		-25		5.36492
1095		1548		-48		5.37113
1287		-75		16439		5.37748
-76		1567		-8		5.38373
1320		1292		16392		5.39001
-21		1111		-101		5.3965
1552		-48		17019		5.40286
-102		1550		-96		5.40922
-41		1407		16699		5.41592
1398		1325		-81		5.42268
-53		1092		17421		5.42888
1895		808		-99		5.43498
-116		-113		-119		5.44135
1564		-92		-3		5.44783
-123		1381		16202		5.45406
-93		-78		16400		5.46043
1373		-36		-115		5.46669
1118		-102		16939		5.473
-28		-49		16418		5.47953
1844		1091		15960		5.48629
-16		1558		-20		5.4956
1096		1311		16503		5.50184
-94		1340		15884		5.50823
-81		-16		16727		5.51458
-10		1144		15915		5.52091
1341		1084		15408		5.52736
-50		-126		16495		5.53362
1568		1035		16165		5.54003
1659		827		-96		5.54638
1868		784		16395		5.55303
-105		-57		-20		5.56428
1151		876		16999		5.57051
1570		-115		-89		5.57699
-90		-17		-4		5.58326
-102		-81		-15		5.58964
1634		1146		-49		5.59602
-62		1066		-44		5.60223
-53		-1		-61		5.60879
-53		-98		-91		5.61549
1831		1591		-41		5.63217
-89		1403		-122		5.64166
1840		-22		15384		5.64806
-83		1362		-117		5.65439
1831		-73		16220		5.66087
-64		-122		-127		5.6676
-57		1138		17200		5.67404
1655		-31		-108		5.68524
-61		1114		-117		5.69143
-45		1105		-115		5.69788
-40		-4		17476		5.70428
-86		1626		17023		5.71068
-32		-66		-59		5.71718
-95		1375		-8		5.72342
1663		1814		-62		5.73005
1566		-88		16435		5.73655
1576		1351		17239		5.74311
1815		1386		-110		5.74951
-97		-1		-54		5.75602
1807		-112		-34		5.76266
-15		-68		16219		5.76899
1917		-9		17255		5.77584
-26		1365		16720		5.78213
-70		-27		-19		5.78877
-104		-49		-56		5.79533
-104		-42		17505		5.80593
1847		-74		16210		5.81241
1822		-89		-125		5.8202
-22		-28		16717		5.82807
1387		-60		-118		5.8359
1819		1639		-104		5.84361
2383		-117		16675		5.85122
-97		-27		16695		5.85727
-109		1351		16762		5.86473
-126		1116		15681		5.8719
-68		1656		16656		5.87943
1562		1331		-23		5.88693
1820		1395		16935		5.89419
-86		1355		17450		5.90075
-99		1296		16182		5.91565
-81		1315		16478		5.92213
-101		-72		-89		5.92859
-104		1280		-33		5.93489
-100		-115		16189		5.94232
-20		-60		-123		5.94868
-29		1045		16663		5.95493
-82		-112		-104		5.96256
2067		1128		-104		5.97039
2114		1082		-116		5.97799
-115		1127		15928		5.98471
2162		1378		-78		5.99182
-21		1302		-3		5.99918
-82		1546		-20		6.00674
2344		-59		-102		6.01425
1830		-58		16209		6.02066
1830		1356		16407		6.02794
1917		802		-4		6.03976
-29		-27		16399		6.04623
2076		886		16411		6.05295
2347		1315		-17		6.05984
2310		-5		-37		6.06632
-80		1099		15889		6.07297
-85		-9		16484		6.08031
1915		1292		16221		6.08687
2080		829		16712		6.09455
1588		-36		16508		6.10217
1902		-64		-59		6.10823
-44		842		16920		6.11445
-88		1118		16960		6.1219
1882		1034		15949		6.12922
1822		-92		16908		6.1367
2083		1378		-91		6.14426
-20		-64		-88		6.15404
1917		-19		-59		6.16031
1624		1359		17464		6.16679
-43		-1		-60		6.17346
1799		-109		-44		6.17991
1852		-89		16233		6.18649
2410		1558		-95		6.19317
2349		1575		-57		6.19964
-73		-86		16960		6.20628
-92		1846		16146		6.21287
-21		1804		15916		6.21913
2143		-13		17483		6.22548
2396		-111		16663		6.23207
2116		1386		-85		6.23874
1880		-8		-40		6.24532
-81		-50		17229		6.25153
2173		-3		16760		6.25895
-116		-20		-21		6.26654
-78		1333		-91		6.27562
2642		-106		16758		6.28305
2326		-63		-28		6.29449
-54		1554		17012		6.30114
-85		1357		-122		6.30742
1866		1583		16948		6.31401
-59		-17		-118		6.32034
1866		-77		-121		6.32684
-26		-18		16180		6.3332
-95		1139		-1		6.3399
-89		1361		-18		6.34618
2403		1118		15637		6.35284
2092		1345		15706		6.35916
-91		-70		-27		6.36561
2104		1355		16402		6.37243
-3		-27		-106		6.37877
-83		-44		-51		6.38502
-126		1104		16177		6.39207
-10		859		-4		6.39926
-1		1142		15429		6.40673
-106		871		17207		6.41389
2323		-58		16452		6.42131
-113		-101		16672		6.42771
2597		1032		16746		6.43404
-3		1058		16444		6.44069
2343		829		-95		6.44713
1895		1067		16984		6.45343
-97		-76		16173		6.4597
-89		-8		16447		6.46599
2127		1288		-12		6.47261
-125		1303		-35		6.47892
-124		-78		-32		6.48533
-13		-17		15954		6.49168
-92		-21		-125		6.49806
2414		-89		-126		6.50451
1915		1288		-10		6.51105
-22		-77		-1		6.51761
2399		-72		-19		6.52387
-82		1384		-75		6.53013
-46		-102		16732		6.53741
-100		-22		15887		6.54478
1843		1303		-64		6.55221
2617		1371		-46		6.55927
-104		-121		-49		6.56725
-116		-72		16191		6.57358
-117		1612		-65		6.57993
2111		1651		16424		6.58634
-30		-18		16760		6.59307
2908		-53		-47		6.59935
-3		1543		15952		6.60589
2582		-91		-15		6.61253
-38		1650		16162		6.61886
2143		1347		-11		6.62518
-115		-102		-73		6.63178
-111		-3		-15		6.63848
2106		-42		16198		6.64495
2107		1399		-73		6.65153
-68		-3		17784		6.65769
-82		-118		16952		6.66499
-32		-80		17725		6.67198
2115		1050		17688		6.67904
1806		1116		-36		6.68654
-99		1068		18745		6.69372
-17		-48		18223		6.70128
-32		1072		18720		6.70746
1539		-49		-44		6.71391
-49		1042		-21		6.72025
876		540		-41		6.72666
-75		1139		-19		6.7333
1597		520		-120		6.73964
1661		1072		-73		6.74611
1582		882		19793		6.75262
1910		1036		19568		6.75923
1378		-62		19820		6.76569
-86		1026		-100		6.77215
-16		-102		19264		6.77859
-99		-124		-92		6.7849
-38		1806		-46		6.79142
-101		1134		16925		6.79876
2106		-81		-77		6.80592
-38		2314		-90		6.81294
791		-56		-20		6.82006
-67		2096		-97		6.82639
-13		2122		-85		6.83364
571		1580		15717		6.84502
-122		-28		16652		6.85141
-22		1395		-8		6.85777
1557		1078		15654		6.86412
1378		-127		17023		6.87073
1594		787		17180		6.87701
1644		-25		-32		6.88358
1591		-224		16646		6.88989
866		-84		16735		6.89629
-117		-26		-118		6.90314
371		-83		17768		6.90995
267		-1009		-31		6.91622
769		-1524		16755		6.92269
-99		-44		17720		6.9296
-105		-32		-38		6.93588
-26		-956		-22		6.94967
1802		-992		15205		6.96046
1393		-61		16491		6.96702
1100		2		15389		6.9734
-109		283		-26		6.9798
-65		-9		-88		6.98612
-19		1567		-7		6.99249
283		-111		-83		6.999
832		2140		12860		7.00565
-37		-67		-65		7.01223
866		2344		-40		7.01954
-106		2667		13864		7.02574
-11		2619		-95		7.03278
1808		-33		-113		7.04023
-89		2100		-91		7.04732
-13		-73		-49		7.068
-41		-96		-120		7.07464
-1		1568		-33		7.08089
1663		-21		15965		7.08725
-61		-9		-39		7.0937
2059		1811		16707		7.10008
-28		-93		-20		7.10656
2364		-21		17467		7.11287
-106		-101		16693		7.11931
2348		1337		-33		7.12571
2078		1856		-79		7.13293
-82		1864		-117		7.1405
1836		-37		-4		7.14775
-5		1596		17490		7.15534
-54		1884		17501		7.16151
-96		1642		17733		7.16803
1798		2060		-92		7.17449
1630		2410		-7		7.18091
1656		2390		17532		7.18728
-111		-29		-71		7.19363
-18		2324		-38		7.20016
1582		-85		17722		7.20671
1804		-58		-121		7.21338
1378		-124		16738		7.2198
1287		1886		-106		7.22618
-22		1802		-20		7.23246
1383		-7		-9		7.23894
-81		-41		18287		7.24563
1644		-9		17713		7.25301
1555		1355		-21		7.26094
-58		-82		-92		7.268
-51		814		-67		7.27559
1390		-22		-6		7.28577
1045		-33		17480		7.29218
-90		884		-86		7.29844
-118		-124		17511		7.30484
-9		65		-37		7.31171
1345		-74		16948		7.31822
-61		534		17741		7.32469
1290		-20		-42		7.33096
1547		326		15963		7.33722
1090		531		-18		7.34366
1373		-5		-86		7.35027
1584		-80		-84		7.35664
-42		-104		15479		7.36304
1126		824		16656		7.37019
-45		-97		-12		7.37658
1542		1135		-27		7.38402
-57		-68		15424		7.391
1088		836		15628		7.39803
-80		-42		14918		7.40544
-86		840		-57		7.41264
-73		-61		-7		7.4192
-4		804		15195		7.42582
-70		-104		15999		7.43441
1336		-48		15409		7.44068
1340		-104		14969		7.44713
1148		-54		-88		7.4539
1140		-96		-71		7.46031
-102		-40		-31		7.46682
-77		863		-41		7.47328
639		851		-83		7.47973
1031		572		15959		7.48607
546		-75		-127		7.49265
1328		843		15407		7.49923
1027		-92		16416		7.50553
-37		-3		14879		7.51207
1063		1313		15964		7.51865
1400		-127		-88		7.52508
-116		-92		-19		7.53141
-128		-61		15487		7.5385
1063		1361		15475		7.54512
-12		1288		14336		7.55216
-60		-42		15423		7.55932
1638		-33		-71		7.56638
1356		-78		16478		7.57286
-14		-40		15451		7.58011
-95		-41		-31		7.58725
-8		-65		16244		7.59555
1356		-58		15207		7.60212
-66		814		-41		7.60861
1386		-67		15937		7.6149
1110		1063		15698		7.62146
-19		1149		16759		7.62806
1632		-67		16470		7.63467
-70		1042		-87		7.64128
-1		828		15697		7.64783
-59		-11		16175		7.65442
1643		1032		-28		7.6609
1650		1094		-4		7.66724
1562		859		17425		7.67403
-70		849		-63		7.68051
-4		1052		16976		7.68687
1319		-3		17760		7.69329
-93		1541		17967		7.70062
1091		-29		-90		7.70696
1406		1096		17533		7.7144
-97		1325		17492		7.72187
-12		-45		18277		7.72826
-40		1810		-105		7.737
1612		-14		17943		7.74355
1387		1840		17440		7.75095
-125		-52		16685		7.75795
1370		-83		16659		7.765
1282		2880		-32		7.77234
1848		-51		15920		7.77866
-40		-58		-49		7.79317
-8		-60		-125		7.79961
-48		-97		16144		7.80606
1360		-116		15968		7.81247
1602		2855		-6		7.81906
1335		2560		16943		7.82567
1558		-88		16919		7.83217
1566		2607		-24		7.83856
1039		1794		16945		7.84489
1304		-7		-17		7.85142
-7		1038		16959		7.85782
531		1039		17457		7.86453
-31		820		19327		7.87084
1118		-57		-65		7.87833
798		615		18483		7.88541
563		342		-76		7.89277
1293		-50		17977		7.90028
1104		275		-41		7.9064
-120		50		-45		7.91352
-10		-12		-95		7.91989
-39		-25		18525		7.94243
-94		-64		-31		7.94875
-61		-68		-92		7.95503
-681		595		18996		7.96141
-33		-43		18021		7.96804
-121		808		17933		7.97428
-35		-41		-84		7.98075
-122		-104		16657		7.99126
-56		101		17204		7.99758
-4		122		16925		8.00393
-40		-96		17463		8.01033
-34		-387		-20		8.01683
378		-405		-24		8.02319
-171		-501		17671		8.02959
-89		-47		17737		8.03596
620		-21		18211		8.04694
882		-432		17455		8.05324
-3		-76		15686		8.05962
-10		-98		16156		8.06609
-25		-87		16159		8.0727
-37		-38		15640		8.07903
-111		-145		15674		8.08538
316		-9		14956		8.09171
-75		-58		-3		8.09804
-96		1132		15484		8.10468
-113		1830		-112		8.11677
367		1824		13930		8.13246
302		2173		13830		8.13887
328		2164		14188		8.14506
526		-33		-41		8.15155
-73		2357		14152		8.15801
580		-6		-19		8.16455
-65		1908		-83		8.19097
851		-56		16206		8.19744
1343		-69		-44		8.20393
1312		1537		16507		8.21067
-85		1548		-65		8.2219
-53		-77		15693		8.22826
-30		-118		-115		8.23457
-115		-38		-122		8.241
-44		1348		-30		8.24737
-38		1377		16965		8.25382
-40		1118		18029		8.26032
-85		-78		-48		8.26684
-88		-29		-28		8.27309
608		1055		-112		8.27935
592		-73		-99		8.28576
-101		1063		18964		8.29227
578		1582		-39		8.29859
18		-95		16959		8.3049
-39		1910		16993		8.31123
31		-97		-62		8.31769
-71		1914		-115		8.32417
-78		1627		17684		8.33099
126		1640		16903		8.3376
-73		-77		17167		8.34422
-215		-70		-16		8.3505
-471		1842		-27		8.35693
-72		1873		16927		8.36333
-85		1559		16660		8.36977
-416		1032		17000		8.37627
-459		1315		17012		8.38249
-179		1088		16166		8.38887
-55		834		17469		8.39532
71		616		17012		8.40175
-123		-101		17176		8.41091
-200		-6		-121		8.41723
114		-50		17185		8.42356
-18		2		-26		8.43004
-110		21		-24		8.43648
-25		-100		-10		8.44277
-37		339		-89		8.44924
30		87		-35		8.45568
126		-126		16730		8.4621
-68		-54		-15		8.48665
15		-111		15432		8.49305
-89		1068		-52		8.49925
328		-73		-62		8.5057
-116		-3		-48		8.51231
-54		1068		-68		8.51878
786		-89		-24		8.54081
-90		-109		16476		8.54725
-70		-116		-76		8.55358
373		879		-23		8.56003
-216		838		15366		8.56662
-103		1110		15926		8.57281
339		622		16149		8.57904
-73		883		-12		8.58539
819		842		-84		8.59182
331		-95		16164		8.59812
-107		-5		15672		8.60462
814		779		-84		8.61111
-100		775		-96		8.61747
-100		-99		15367		8.62399
-102		-78		-10		8.6306
522		859		16146		8.63683
115		818		-99		8.64306
316		-95		15676		8.64938
365		862		15110		8.65578
345		884		-30		8.66214
351		824		15999		8.66852
-34		1134		15731		8.67477
-69		-19		-80		8.68108
-123		-85		15664		8.68769
323		-9		16221		8.69453
-43		-78		-118		8.72002
291		-99		15697		8.72644
-23		1083		-27		8.73286
-106		1373		16911		8.73963
345		-60		17256		8.75565
-100		1105		-51		8.77145
-443		-68		-52		8.77769
-51		-36		-115		8.78426
-180		-44		18013		8.79097
43		-128		-36		8.80073
-107		890		18971		8.80705
-113		-44		18436		8.81349
-190		1370		19071		8.82012
-62		-28		-71		8.82649
-116		-89		-86		8.83275
-104		-56		-88		8.83933
102		-116		18538		8.84577
69		1124		-124		8.85231
343		-34		-72		8.85847
46		1552		-21		8.86489
-179		1628		17733		8.87146
-72		2082		-44		8.87887
-488		-111		-84		8.88538
-27		-7		16673		8.89185
-57		2163		-76		8.89806
-188		-86		-26		8.90413
-175		1802		-12		8.91056
-193		1098		15389		8.93728
-46		775		14917		8.94374
-19		-121		-117		8.95014
-680		1316		15124		8.95673
-90		-120		14926		8.96715
-77		859		-72		8.97349
-32		792		14888		8.98001
-464		1079		15676		8.98622
-104		-9		-49		8.99254
-182		1094		-83		8.99901
-11		-120		14175		9.0054
-40		-100		14665		9.01197
56		1366		-17		9.01849
1		-61		-69		9.02465
-6		1617		13897		9.03094
-88		2072		15431		9.03732
-65		1914		14872		9.04384
-68		1855		-19		9.05028
23		1899		-43		9.05655
769		2109		-125		9.06295
-38		-56		-95		9.06929
-47		2398		14093		9.07579
806		2172		-73		9.08227
559		2324		-125		9.08839
1284		-42		-37		9.09481
-89		-45		15408		9.10116
1144		1869		16191		9.10751
-40		1894		14893		9.11393
779		-88		-19		9.12027
-17		-97		-20		9.12666
-97		-26		16412		9.13305
607		-22		16173		9.13968
-109		-85		15729		9.14648
-40		1588		15627		9.15273
1140		-59		-86		9.1591
-48		1642		-48		9.16541
-117		-70		15663		9.17171
1543		-29		-90		9.17827
-34		-21		16186		9.18477
-43		-99		18279		9.19117
1309		1123		18492		9.19757
-22		-64		19581		9.20407
353		-88		-33		9.21049
-12		-126		-110		9.21691
-768		-52		18703		9.22324
-65		359		21565		9.23099
554		1136		-19		9.25671
279		-1		-30		9.2631
-918		1312		26421		9.26949
-12		-78		25712		9.27589
-2224		-33		26229		9.28209
-1411		3632		26154		9.29461
854		4106		-111		9.31044
1906		4395		-76		9.31685
-661		-29		-5		9.32317
-196		-39		23315		9.32951
-48		-110		-112		9.33609
-24		5241		18008		9.3424
-942		-83		-116		9.34856
-128		-49		-120		9.35519
-711		6211		-78		9.36144
-60		5713		-51		9.36783
-675		5998		14463		9.37439
-507		5643		-78		9.38077
-20		-107		-49		9.38711
-7		4731		14373		9.39351
-48		4128		13935		9.40009
13		-13		15132		9.40627
-78		-30		-92		9.41242
-29		2116		13577		9.41909
552		-124		-71		9.42549
-8		1661		-32		9.43188
-91		1288		-22		9.43828
-57		882		12410		9.4448
-1		828		12831		9.45121
-99		604		-24		9.45806
-115		-37		12599		9.46465
-97		-92		-59		9.47084
-667		319		-91		9.47714
-112		267		-124		9.48344
-112		-118		10550		9.48989
-69		2		-24		9.49618
-108		-171		-31		9.50261
-93		-190		-20		9.50886
-67		-427		12132		9.51538
-95		-439		11354		9.522
783		-1220		13142		9.54111
1135		-83		-82		9.54745
-20		-1432		-58		9.5541
1025		-56		13931		9.56081
-88		-86		15435		9.56721
2106		-1672		-108		9.57419
2139		-55		-64		9.58056
-1		-125		14621		9.58705
-17		-1775		-94		9.59338
2071		-112		-11		9.60007
-128		-1929		-26		9.60662
1594		-682		-3		9.61408
1357		-40		15641		9.6205
-68		-22		16487		9.62996
1878		-86		-76		9.63625
-72		628		15908		9.64267
2064		-99		-83		9.64914
1313		1080		-111		9.65551
1367		-127		-3		9.66203
-70		-88		-83		9.66884
1315		1615		15463		9.67524
1144		-25		16495		9.68162
-29		1576		16191		9.6881
-31		1635		-111		9.6945
-62		1624		16711		9.70098
1296		1613		16416		9.70757
-40		-25		-65		9.71401
-88		-16		18489		9.72061
1384		1552		-60		9.72764
1107		1283		17684		9.73485
1362		-112		-120		9.74116
-40		-66		-28		9.74757
-62		1638		-7		9.75672
-76		1374		19264		9.76303
-47		1626		19259		9.77465
-53		-22		-22		9.78126
-91		2118		19268		9.78758
-37		-58		18769		9.79418
-36		-65		18241		9.80051
-89		2319		-15		9.8068
-4		-86		-57		9.81353
879		2669		-119		9.81991
-74		2679		17217		9.82655
261		2668		-81		9.83286
-106		2648		18215		9.83987
-100		2818		-55		9.84628
851		2589		-118		9.85274
-102		2683		-54		9.85923
542		2677		17415		9.86559
-34		-76		-69		9.87183
-90		-89		16503		9.87806
354		2359		-5		9.88599
540		2076		15731		9.89226
-75		-9		-86		9.89864
631		-53		16403		9.90749
575		1613		-74		9.91406
104		-86		-115		9.92036
-7		-115		16427		9.92674
113		-16		-120		9.93325
270		795		-91		9.93951
9		-118		-52		9.94574
-213		-82		-99		9.95226
-9		-112		16699		9.959
-103		80		17196		9.96517
-419		530		-86		9.97149
-452		-9		-107		9.99577
-897		376		-41		10.0021
-227		-9		-32		10.0084
5		290		-104		10.0149
-26		839		-80		10.0214
-36		834		15972		10.0439
-127		-54		16707		10.0505
-118		543		16509		10.057
-142		363		15956		10.0633
632		-69		15883		10.0697
-68		270		-10		10.0764
-57		-50		15653		10.0829
-126		-41		15959		10.089
782		-125		15632		10.0956
-121		380		-99		10.102
-85		-40		16740		10.1083
1039		308		16255		10.1148
888		-24		15637		10.1212
1115		637		-72		10.1277
-56		884		-47		10.1343
1308		-63		-21		10.1408
-21		803		15957		10.147
-32		1148		15660		10.1535
-51		1320		-51		10.1599
1617		1339		16728		10.1664
-126		1309		17260		10.1729
-36		1563		-21		10.1792
1080		-34		16407		10.1856
1070		2124		17002		10.1921
-54		1886		-78		10.199
1651		-45		-56		10.2053
-16		-53		-57		10.2115
579		-33		-101		10.2179
595		2629		-46		10.2243
-120		2650		-57		10.2307
626		2819		18280		10.2373
-62		2924		-84		10.2436
-42		2928		17004		10.25
820		2858		-35		10.2565
604		-13		-70		10.2629
636		2852		-71		10.2741
792		3159		-71		10.2804
-118		2661		15229		10.2868
527		-100		-53		10.2931
836		2884		-100		10.2995
1094		-79		-16		10.3058
-25		2647		-52		10.3121
-64		-21		16721		10.3186
-28		-86		16184		10.3252
868		-92		15451		10.3335
-100		2623		16208		10.3398
814		2605		-37		10.3464
-93		2360		-86		10.3527
366		-109		16396		10.3592
-89		2308		16920		10.3658
326		2381		-14		10.3723
-74		-17		-39		10.3787
-92		-62		-44		10.3853
-996		1572		-85		10.3917
-128		1594		20508		10.403
-36		-75		19748		10.4094
-1422		1303		-80		10.4164
-125		-118		21055		10.4229
-37		1311		21368		10.4294
-1771		-64		-17		10.4358
-12		-122		21821		10.4422
-123		1357		-75		10.4486
-1714		-89		-47		10.455
-127		-16		-52		10.4618
-108		2353		22628		10.4843
-122		-128		-25		10.4908
-405		-82		-113		10.4972
-51		2619		-20		10.5035
-40		-65		-57		10.51
-60		-57		-11		10.5166
-107		2636		-71		10.5442
-56		2604		-17		10.5508
-1		-124		17480		10.5574
1583		2166		14848		10.5639
-89		1284		14859		10.5864
2083		-4		-128		10.5929
-44		573		-48		10.5992
2367		533		13828		10.6058
2115		-86		-57		10.6123
2115		-29		12899		10.6188
-22		560		13062		10.6252
-9		611		-43		10.6319
-54		816		13138		10.6384
2882		806		-96		10.6451
-86		782		12895		10.6516
2671		-120		-13		10.6582
-31		-118		11851		10.665
-115		-89		-17		10.6714
-11		1560		11372		10.6782
2326		-122		12636		10.6845
-10		632		-107		10.6911
-24		-98		13343		10.6977
-9		-37		13339		10.7048
-9		39		13654		10.7113
1902		42		-117		10.724
1607		-182		-36		10.7304
-75		-32		15136		10.7367
-104		-16		-77		10.7433
-56		-28		14882		10.75
1879		-60		15460		10.7565
1399		-7		16152		10.763
1378		-50		-52		10.7695
-65		-128		-12		10.776
853		59		-3		10.7829
827		115		15884		10.7894
1115		-126		-84		10.7961
-73		-56		16252		10.8028
-3		1096		-7		10.8092
-118		-72		-104		10.8167
1570		-77		16747		10.8239
1335		1642		-64		10.8309
-21		-32		-40		10.8382
1067		1399		17167		10.8448
-105		1617		-15		10.8544
-121		1591		16209		10.8608
-106		-65		17008		10.8673
891		1658		-11		10.8737
795		-37		-105		10.8803
-24		-21		-73		10.8872
1111		-13		18447		10.894
1062		1079		-16		10.9007
-73		1329		18276		10.9073
-95		-29		-84		10.9138
-82		1544		-100		10.9202
-38		1546		18781		10.9269
-101		-82		-12		10.9335
-52		1848		18001		10.9401
799		-12		19263		10.9473
-38		-102		19268		10.9537
-111		-7		19004		10.9608
-85		-85		-77		10.9681
-12		1853		18529		10.9846
-26		2076		19296		10.9912
-28		1563		-98		10.9975
-75		1838		-11		11.004
-68		-69		18247		11.0102
-104		-28		-111		11.0166
-52		-42		-59		11.023
-110		1900		-97		11.0292
556		-44		17999		11.0355
-89		-14		-9		11.042
1034		-16		16151		11.0666
524		-33		15897		11.0731
875		1389		-32		11.0795
1104		1635		-84		11.0862
-121		-74		-72		11.0928
774		1135		14918		11.1155
531		1404		-111		11.122
-113		1328		15700		11.1284
-50		-16		14143		11.1349
518		1139		14417		11.1416
540		838		15208		11.1479
-95		-74		14949		11.1542
1060		1066		15201		11.1606
892		863		16250		11.1668
-3		1356		15149		11.1731
782		782		-100		11.1795
-37		1317		-111		11.1859
-111		1370		-57		11.1923
-116		-61		-41		11.1988
-117		1341		-111		11.2053
566		1316		15686		11.2115
-49		-3		16161		11.2178
1394		1550		-113		11.2242
1075		1915		-48		11.2308
836		-93		-112		11.2371
1072		1403		16246		11.2434
839		-75		-15		11.2497
-65		-100		16983		11.2562
1144		1639		-41		11.2626
-80		-104		16178		11.2694
-120		-68		-69		11.2757
-124		1098		-83		11.2818
-107		1151		-102		11.2882
-58		-99		-67		11.2946
1075		1064		17471		11.3009
862		1066		-96		11.3074
-95		-100		17159		11.3137
-107		1088		17488		11.3201
851		1323		17783		11.3266
790		-73		16943		11.3333
608		-106		16944		11.355
840		-17		17995		11.3615
-36		1823		17980		11.3679
854		2055		-72		11.3742
-124		-6		-7		11.3807
-83		2158		17495		11.3873
-10		-31		-55		11.4007
587		2155		-7		11.4165
-32		2315		-123		11.4228
-42		2360		16927		11.4292
604		-24		16250		11.4358
867		-40		-3		11.4425
786		2589		16448		11.4488
-28		-44		-95		11.4552
-46		-70		-63		11.4615
-72		2150		16978		11.468
-95		-31		-65		11.4744
-8		1827		17191		11.4807
-85		-78		16151		11.4872
1027		-38		16744		11.4937
-75		-125		16756		11.5007
379		-38		17421		11.5071
304		-31		-69		11.5137
-4		2676		-73		11.5202
-75		-22		16940		11.5267
-387		-5		-23		11.5332
-65		-97		-9		11.5398
-46		2856		16904		11.5465
-65		-76		-12		11.5529
-907		2877		-27		11.5593
-33		-91		-23		11.5656
-118		-12		-74		11.5723
17		-76		16968		11.5786
371		-52		18021		11.585
-204		-105		16925		11.5915
264		-58		18008		11.5979
-695		-122		-103		11.6241
-144		-38		20060		11.6305
314		283		-30		11.6369
-81		-31		-119		11.6434
784		-1483		-52		11.65
1087		-1947		-38		11.665
-56		-2032		19036		11.6714
-121		-110		-128		11.6779
823		-1776		18952		11.6843
1059		-2022		-52		11.6908
-105		-1942		-121		11.6971
-40		-113		-73		11.7038
-118		-1739		17487		11.7104
-18		-7		-45		11.7169
-193		-126		-60		11.7234
-213		-206		14889		11.7349
345		-14		-17		11.7412
-238		1349		13585		11.7475
-56		2096		-40		11.754
-90		2899		11787		11.7605
-53		-52		12143		11.7668
-398		3592		11358		11.7732
-100		-91		-124		11.78
-403		3879		-115		11.7864
-103		3431		-117		11.7956
307		-20		11324		11.802
-74		-24		-51		11.8084
319		-44		-103		11.8147
127		3078		-85		11.8212
277		2599		13080		11.8276
-77		-24		12552		11.834
844		2319		-33		11.8407
-44		-24		14691		11.8473
1578		2162		-48		11.8537
-53		1879		15621		11.86
1139		-67		-107		11.8822
-48		-37		-40		11.8887
-38		1896		15685		11.895
-51		-125		14871		11.9015
-70		-56		14957		11.9081
1300		-72		-124		11.9149
860		3451		15140		11.9214
-109		3385		-47		11.9279
-113		3419		14657		11.935
890		3146		-60		11.9434
-93		3100		-46		11.9499
270		-78		14140		11.9564
568		-69		-115		11.9631
-79		-82		14866		11.9695
282		-29		-6		11.9759
-86		1872		16385		11.9825
-122		1312		-71		11.989
790		1619		18538		11.9954
-129		-16		19484		12.0018
-391		-39		-119		12.0084
-41		-79		21015		12.0152
-73		117		-126		12.0215
-1498		-660		22589		12.028
-26		-41		-82		12.0373
544		314		-92		12.0439
874		556		-103		12.0599
1312		1357		22866		12.0663
-34		1060		-81		12.0726
336		-105		-33		12.0792
-131		2323		-41		12.0855
-16		-101		20827		12.0919
-71		-53		21113		12.0985
-158		4460		-41		12.1051
326		-113		-56		12.1114
-86		5380		-72		12.1176
342		5424		17787		12.124
363		-67		-13		12.1351
-93		4119		17521		12.1414
-147		3451		15475		12.1479
-68		-64		-71		12.1543
26		2406		15200		12.1607
-64		2317		-72		12.1671
-131		2062		-71		12.1735
-83		-116		-81		12.1799
-688		1823		15107		12.1863
-90		1092		15688		12.1925
-104		-21		-113		12.199
-148		-5		15617		12.2054
-6		-20		14896		12.2133
-106		-8		14124		12.2233
-17		-243		-60		12.2298
-7		362		13908		12.2362
-124		-120		-36		12.2426
-391		-97		-29		12.249
-715		-97		12322		12.2558
-705		-78		12667		12.2622
-16		1348		-123		12.2688
-110		-120		-119		12.2751
-767		1557		-30		12.2814
-67		1622		-84		12.2877
117		-1		-46		12.3142
71		-96		-49		12.3208
-27		637		15437		12.3272
-92		1034		15623		12.3336
-24		-82		-106		12.3588
-70		-122		16486		12.3655
303		1316		-80		12.3721
-18		-54		-115		12.3787
-22		1047		-88		12.3893
604		1379		16407		12.3957
25		1280		-51		12.4021
106		-116		17721		12.4086
-49		1602		-70		12.415
619		1863		17191		12.4215
-96		2680		-83		12.4279
526		2394		-62		12.4345
279		2677		18300		12.4413
288		2628		17509		12.4475
382		-14		17755		12.4538
-102		2314		-71		12.4602
-30		2611		17238		12.4667
-105		-38		-108		12.4731
304		-12		17766		12.4795
37		2330		-7		12.4858
-123		-8		-32		12.4924
-59		2307		18520		12.4989
-13		-93		18794		12.5055
-48		1908		18241		12.5295
-94		1611		-69		12.536
53		1555		19479		12.5423
-651		-79		-36		12.5487
-456		-106		-125		12.5552
-432		-18		19291		12.5616
-696		2096		19044		12.5699
-480		1836		-67		12.5763
-415		2109		17676		12.5826
-734		1916		-120		12.5891
-484		-21		17746		12.5954
-943		1840		17169		12.6018
-44		-70		17520		12.6083
-419		-62		-108		12.6146
-768		-54		-41		12.6212
-688		-56		15913		12.6277
-504		1818		16918		12.6339
-89		-81		16732		12.6402
-115		2109		-86		12.6467
-193		-8		-100		12.6532
-143		1883		-1		12.6596
-160		1862		15464		12.6659
-231		1630		-105		12.6722
-46		-96		-33		12.6788
-28		2107		15993		12.6854
-1163		-29		14346		12.6967
-1012		2134		-76		12.7031
-916		1900		14648		12.7096
-39		1868		15131		12.7159
-79		1914		-79		12.7224
284		-56		-27		12.7288
-86		-96		14859		12.7351
-20		-118		-61		12.7417
40		1880		14355		12.7483
347		2119		-124		12.7547
-79		-22		-112		12.7634
307		1596		15673		12.7697
266		1132		15737		12.7762
597		1407		14705		12.7825
-184		-12		-102		12.789
-144		-95		14679		12.7953
-96		-6		15197		12.8016
-225		1626		14872		12.8081
-80		1136		14868		12.8149
-14		-33		16230		12.8382
886		-118		16915		12.8445
1335		826		17176		12.8509
-92		-36		-5		12.8574
1879		1572		-37		12.8639
1603		1397		17265		12.8707
1399		1379		17695		12.8807
-16		-96		17229		12.8871
-29		-114		17243		12.8937
-57		1542		-27		12.9003
2866		-16		17431		12.9068
-8		1299		-3		12.9131
-62		-111		17705		12.9196
-108		1286		17252		12.926
-11		-64		-28		12.9322
-12		-72		-68		12.9386
3108		-59		-115		12.9453
-73		-77		17440		12.952
-103		2308		-100		12.9585
3340		2372		-37		12.9651
-92		2408		17002		12.9727
-78		2423		17253		12.9814
2586		-57		16159		12.9878
-38		2681		-105		12.9944
2406		3133		-104		13.0009
-52		-40		-28		13.0074
2685		-96		15989		13.0141
2056		3170		15220		13.0205
-38		-12		14417		13.0271
2109		-69		-105		13.0337
-38		3443		13666		13.0403
1866		-57		15205		13.0468
1844		-5		14616		13.0533
1868		-34		-108		13.0601
-47		2669		14119		13.0663
1611		-76		13676		13.0736
-104		3106		-105		13.0809
1880		2903		12603		13.0884
1916		-22		-92		13.0977
-79		-121		-101		13.104
2086		-120		-69		13.1106
-74		-81		13125		13.1169
2572		-82		-49		13.1234
-63		-8		14612		13.1299
-118		616		16155		13.1364
286		82		15707		13.143
-249		30		-12		13.1497
-511		320		18535		13.156
-122		-62		18738		13.1627
-18		346		-31		13.1694
589		627		-85		13.1759
518		-118		21615		13.1824
-86		1091		-34		13.1887
-74		1025		-77		13.195
54		-38		21765		13.2024
70		-78		20249		13.2097
-251		2850		19815		13.219
-55		-106		-24		13.2254
-75		-109		20753		13.2318
-7		-99		-110		13.2383
-228		4413		-33		13.2447
-96		4909		21764		13.2511
815		4877		21019		13.2575
1047		5180		-31		13.2639
-105		4924		19748		13.2707
1359		-31		-8		13.2771
-12		4458		-64		13.2835
1878		-78		-128		13.29
1822		-59		18239		13.2968
2070		4200		-31		13.3036
1835		3691		-15		13.3109
-13		3354		17782		13.3174
-58		3127		-108		13.3244
2583		-113		-120		13.3318
-96		1325		-126		13.343
-102		1400		-75		13.3495
2116		808		-32		13.3558
2060		-79		16703		13.3622
2062		49		-102		13.3689
-28		-77		-104		13.3755
1853		-220		-113		13.382
1661		-446		-79		13.3884
-4		6		-90		13.3949
-52		86		-47		13.4012
792		-167		-115		13.4077
-78		-65		14141		13.4144
-50		295		13592		13.4211
-100		259		-47		13.4276
-79		375		13861		13.4349
-89		-30		-77		13.4423
-122		884		13072		13.4496
-124		-44		13879		13.4569
543		-110		-78		13.4632
-125		-63		12646		13.4721
357		1362		-73		13.4788
-9		-12		-95		13.4853
870		1864		-112		13.4919
-91		2051		-128		13.4985
1111		-32		-57		13.505
1283		-32		-16		13.5116
-30		1807		13695		13.5181
-60		1822		14362		13.5245
-122		1400		-3		13.5308
-5		-62		-45		13.5373
-78		1127		15128		13.5441
-125		-112		-76		13.5506
1619		1343		17187		13.5578
-83		-59		16406		13.5641
-112		1595		17767		13.5713
-80		-113		18182		13.5787
-102		2323		-100		13.5861
2592		2351		-69		13.5931
-72		2580		-5		13.6116
1848		-31		18026		13.6201
1300		-33		18439		13.6288
1122		2926		18953		13.6352
1340		-100		-72		13.6418
1359		-13		-64		13.649
-20		-81		-39		13.6554
-54		3655		-108		13.6628
-7		3414		17981		13.6697
1029		-62		-19		13.676
1134		3152		-16		13.6825
1066		-69		18468		13.6889
-99		2907		18708		13.6951
-81		2062		18207		13.7027
307		-74		-113		13.7089
123		-37		17531		13.7151
-17		-16		-100		13.7366
1055		1590		17468		13.7432
-84		1538		17253		13.7497
319		-89		-47		13.7563
-1		1333		16644		13.7625
554		-106		17718		13.769
-105		-69		16488		13.7755
808		1882		-92		13.7975
1315		1832		-64		13.8039
-93		-4		15681		13.8103
-46		-16		15926		13.8166
-99		-78		-71		13.8232
-14		-78		16132		13.83
1047		-86		16236		13.8364
1635		-85		-99		13.8426
-70		2673		-7		13.8491
-101		-8		15383		13.8554
-4		2902		-120		13.8619
-13		-107		-99		13.8684
-118		2580		16209		13.8747
-64		3082		-72		13.8811
-104		-28		15153		13.8875
1328		2924		15938		13.894
1030		3100		15442		13.9006
1072		-51		-60		13.9067
580		-51		-123		13.9131
-22		-91		-36		13.9195
-38		-9		-26		13.9258
-92		-33		15965		13.9323
-105		-35		15452		13.9385
-92		-100		15173		13.9448
-89		3345		-6		13.9513
320		3844		15479		13.9579
-20		-41		16760		13.9662
320		-115		16149		13.9724
-17		3670		17192		13.979
570		3708		17012		13.9854
-61		-17		17200		13.9919
-243		-48		16157		13.9984
-179		-36		-3		14.0049
-128		3452		-78		14.0114
1299		-90		-124		14.018
-8		-99		17233		14.0244
622		3697		16387		14.0361
-17		3438		-1		14.0424
780		3188		16435		14.0488
-125		-85		16495		14.0553
-40		-117		-62		14.0617
-100		2880		-44		14.0682
383		3190		-73		14.0745
810		-80		17204		14.081
895		-21		16506		14.0878
1119		-17		-128		14.0964
1040		2875		-103		14.1027
-7		2679		-116		14.1092
-27		-25		-7		14.1157
-19		-7		-40		14.1222
-38		2637		14418		14.1286
-20		2363		-100		14.1349
-84		-31		14696		14.1414
-93		2095		-51		14.1482
-65		-52		-72		14.1548
1075		-92		-52		14.1797
-84		-54		17015		14.186
1112		-116		-19		14.1928
-117		-92		17693		14.1995
122		-13		-116		14.2059
-96		1127		-124		14.2123
43		1373		-116		14.2187
30		1336		-17		14.2362
-22		-20		-123		14.2426
-27		1642		18721		14.249
-180		1900		18980		14.2554
-711		-124		-78		14.2618
-927		1872		-99		14.2682
-499		2429		-124		14.2747
-101		-35		-7		14.2814
-118		2170		-20		14.2899
-75		-52		-6		14.2968
559		2050		17487		14.3033
-76		-118		-88		14.3096
-59		-15		15954		14.316
277		-95		17189		14.3256
-135		2083		-88		14.3319
-10		-102		16931		14.3384
-34		2106		-128		14.3447
-118		-13		-56		14.3512
37		1131		-11		14.3577
-6		1353		17199		14.3645
-16		-89		17464		14.3708
-108		-57		17017		14.3773
1138		-125		-85		14.3837
-24		-89		16943		14.3902
51		-6		16898		14.4155
-32		1594		15165		14.4219
513		2168		-31		14.4284
-36		2843		-37		14.4352
-74		-128		-72		14.4416
1907		3122		-90		14.4659
1404		2573		14455		14.4725
-54		-117		-128		14.479
-63		1838		-16		14.4855
2072		-92		14664		14.492
-51		-56		14610		14.4982
2119		-125		-36		14.5044
1844		1542		-39		14.5108
1615		1112		15697		14.5175
2892		1375		-108		14.5238
3183		1116		16728		14.5302
2936		627		15932		14.5365
2394		-5		-95		14.543
2377		369		-72		14.5496
2591		771		-57		14.5561
2317		1322		-86		14.5623
2049		-108		-44		14.5691
-38		-10		-119		14.5756
1853		-33		-35		14.582
1551		-28		-123		14.5885
1880		1869		17459		14.5949
1843		1582		-12		14.6012
-118		1811		17746		14.6076
-89		1822		-44		14.6142
-112		-109		16722		14.6208
1369		-122		-31		14.6297
-31		-31		17525		14.6361
856		2167		17758		14.6429
1895		-64		18002		14.6493
-33		2419		-38		14.6558
-66		-63		-44		14.662
-53		1564		18260		14.6686
-76		-74		17529		14.6752
1638		2104		-28		14.6817
-113		-80		-69		14.6882
-101		-45		-9		14.7154
1896		-113		18178		14.7219
1793		-53		18232		14.7286
-77		1407		-127		14.7349
-115		-73		18472		14.7413
-70		1394		-27		14.7691
627		-69		-109		14.7756
560		2424		17469		14.7822
-8		-53		-8		14.7996
-37		2381		-95		14.8059
-15		-9		-10		14.8122
829		-60		-74		14.8186
-128		2391		16971		14.825
-29		1910		16653		14.8315
-32		1804		15921		14.8382
59		-15		-46		14.8446
-79		2343		-9		14.8509
559		-80		16398		14.8572
-16		-92		16210		14.8637
362		1138		-95		14.8703
-91		1378		15913		14.8768
1080		1127		-102		14.8832
-57		-41		-111		14.8896
-126		31		15983		14.8962
-56		47		-128		14.9028
-111		-110		-76		14.9092
1594		-116		15479		14.9155
-125		-84		15653		14.9218
1387		-653		-16		14.9283
-58		-123		-95		14.9347
-101		317		-28		14.9411
831		-41		15631		14.9474
556		-90		-72		14.9537
-16		-171		-104		14.9602
1623		-6		-8		14.9667
-82		-116		16762		14.9758
1594		789		15674		14.9822
1546		-97		-41		14.9886
1890		-95		-97		14.9951
-42		-14		-53		15.0014
2352		1604		14204		15.0078
1627		-68		14367		15.0142
1377		-128		14407		15.0205
-89		1846		14205		15.0273
1879		-86		-65		15.0338
1872		-96		16139		15.0575
-100		2166		14338		15.064
-110		1852		-3		15.0703
1663		1864		15457		15.0768
1560		-84		-80		15.0833
2415		1877		-104		15.0961
2079		1617		-11		15.1059
-17		1919		17164		15.1124
1902		-100		16237		15.1189
2127		2660		-109		15.1251
-65		-8		16940		15.1315
1299		-45		16672		15.138
-8		1816		-9		15.1444
1076		-120		18284		15.1664
-58		1797		18809		15.1731
2100		1606		-127		15.1795
1283		-122		18725		15.1859
-5		-22		18514		15.1923
-57		2306		-101		15.1991
1290		2050		18744		15.2054
1842		2351		18776		15.2118
-85		-49		17964		15.2339
-47		-82		18284		15.2403
1123		2623		-20		15.2466
-102		-8		-44		15.253
867		-111		-97		15.2593
1592		-42		-120		15.2659
-102		-84		-86		15.2727
-3		-49		17494		15.279
-102		1587		-13		15.2855
-81		-118		-99		15.292
-68		1394		-65		15.2986
-121		-15		-27		15.305
1058		-6		16695		15.3115
-5		-109		16508		15.318
-13		-125		-86		15.3244
-46		1040		16494		15.331
1904		884		16503		15.3375
-3		-113		-49		15.3437
-81		-20		16488		15.35
1850		-70		15916		15.3565
1087		1076		14865		15.3628
1047		-95		-94		15.3694
-105		-111		15725		15.3759
1382		572		16175		15.3822
1907		791		14696		15.3887
-117		-20		-6		15.3951
-8		804		13947		15.4018
2156		-104		13616		15.4273
1332		-54		13155		15.4337
1884		802		13435		15.44
-5		-79		14646		15.4466
1827		-53		14632		15.4725
1912		-19		-107		15.4789
-75		-9		16416		15.4856
-104		874		-115		15.4924
1903		-113		14891		15.5034
-35		1109		-97		15.5097
-1		1302		-124		15.5162
1655		-89		-86		15.5226
1586		-97		-113		15.5291
-18		1399		-55		15.5356
-128		-89		-98		15.5421
1335		-124		17500		15.5485
1403		-72		-15		15.5553
-64		-124		-107		15.5615
1095		884		-24		15.5679
-128		639		17952		15.5742
1378		97		-23		15.5808
1599		-30		-31		15.5875
1831		80		20274		15.5941
-73		-65		-122		15.6004
872		354		18699		15.607
849		-45		-63		15.6137
598		816		-60		15.6236
-41		874		-103		15.63
370		-58		-30		15.6363
-62		1631		19232		15.6426
849		-64		-119		15.649
-95		2341		18271		15.6554
-37		-48		16896		15.6617
-9		-96		17196		15.6681
-37		4671		-7		15.6747
-62		-83		-121		15.681
-32		4939		14632		15.7002
883		5503		-68		15.7068
1091		4921		-30		15.7132
-19		-60		-24		15.7196
1383		-100		16439		15.7259
1919		-100		16709		15.7325
2819		2850		-47		15.7424
2337		2084		-103		15.7488
-37		1143		-16		15.7552
3359		42		-80		15.7618
-65		-87		18953		15.7681
2828		-124		18471		15.7746
-25		-1232		-14		15.7808
-62		-104		-123		15.7873
-8		-1949		-125		15.7942
1886		-15		-104		15.8027
-16		-2785		19064		15.809
2406		-65		18688		15.8156
2098		-1984		-110		15.822
2379		-1484		17923		15.8284
-41		-1500		17702		15.835
1654		-938		-77		15.8412
1877		-252		14922		15.8476
-114		58		14155		15.8544
789		-24		12358		15.8608
-30		855		-94		15.8865
-117		1038		12155		15.8928
1311		1283		11793		15.8993
1586		1373		11607		15.9059
-1		1040		-84		15.9316
-67		29		-20		15.9383
1550		-489		-78		15.9448
2103		-231		12390		15.9514
1651		-79		11856		15.9579
-93		-3		-22		15.9646
-119		-235		13876		15.9712
-91		-35		14892		15.9816
2863		-99		-24		15.9879
-28		-10		15629		15.9946
2852		-99		15417		16.0011
-117		536		15127		16.0075
-111		806		-59		16.0141
1877		1135		17784		16.0206
2138		-67		18795		16.0269
2076		2079		19456		16.0334
1612		-92		-112		16.0397
1650		2163		-83		16.0462
-27		-5		-78		16.0614
1116		-32		24133		16.0772
1391		2612		25188		16.0834
1900		-92		-7		16.09
1550		3438		28207		16.0969
1382		-97		-32		16.1036
1544		4204		27684		16.1101
2834		4989		26198		16.1332
-112		-108		-97		16.1399
2844		-9		-84		16.1462
-7		-38		22627		16.1525
-57		-24		21119		16.1592
-58		-99		20029		16.1656
1842		-5		18212		16.176
1868		6010		17234		16.1825
-1		-124		-75		16.1889
-64		6170		14655		16.1953
-57		-75		14600		16.2019
-67		-59		-48		16.2081
2099		-106		-107		16.2145
-99		2140		-51		16.2212
2099		353		-100		16.2278
-34		-52		13599		16.2366
1361		-161		12595		16.2431
-125		-1174		-41		16.2495
1811		-1931		-78		16.2559
1806		-1507		12566		16.2623
1043		-1700		-86		16.2685
-57		-1942		-107		16.275
-102		-92		10620		16.2817
339		-1748		-55		16.2883
-37		-80		10324		16.2993
523		-69		-113		16.3059
-42		-1496		-92		16.3124
-116		-721		9984		16.3188
-113		-89		10060		16.3252
-14		-68		-42		16.3315
76		-972		-128		16.3378
-232		-83		-97		16.3442
-100		-712		10267		16.3509
-37		-100		-86		16.3619
124		-1264		-104		16.3682
308		-56		-116		16.3747
268		-1174		10837		16.3811
70		-3		-95		16.3876
-42		-2289		-4		16.394
316		-61		12049		16.4003
-72		-12		-20		16.4068
320		-2993		-3		16.4133
-58		-3027		15672		16.4222
-36		-3009		-3		16.4285
-59		-1977		-10		16.4349
-109		-1516		16452		16.4414
832		-1969		17175		16.4477
572		-1422		17492		16.454
-51		-987		17675		16.4602
-6		-501		17758		16.4667
-34		-37		-11		16.4733
-29		-8		18559		16.4798
-45		-93		-56		16.5054
627		-62		19501		16.5119
-120		2315		-104		16.5184
-78		2593		-42		16.525
-678		-111		-31		16.5512
-1022		3074		-14		16.5575
-17		-121		21817		16.5641
-84		-124		21301		16.5708
-43		1361		-57		16.592
-128		-59		-61		16.5985
2930		1840		19721		16.6053
3432		-53		18249		16.6118
3191		1042		18284		16.6183
-121		619		18211		16.6249
-122		-121		17733		16.6313
523		-99		16983		16.6376
-3		-107		17673		16.6451
-143		-73		-37		16.6514
65		10		-103		16.6577
-27		94		15481		16.6642
-192		-65		-65		16.6706
-27		2		-115		16.6771
-690		-161		-7		16.6836
-30		360		14342		16.6902
-111		-199		-30		16.6967
-1949		-126		-75		16.7031
-1695		-159		14888		16.7096
-126		-743		16484		16.716
-643		-92		-41		16.7223
-124		-431		-82		16.7317
1377		-85		-27		16.7382
1362		-423		-124		16.7447
-100		-649		18545		16.7512
839		-940		-76		16.7575
-49		-70		-1		16.7639
-98		-63		-116		16.7704
794		-49		-73		16.7767
839		-975		17488		16.7834
-105		-59		-103		16.7901
842		-17		17728		16.7965
-5		-43		-3		16.8049
-122		-108		19265		16.8114
1043		-85		-104		16.8181
534		-12		16935		16.8245
1650		-54		-44		16.8308
1891		-70		16919		16.8372
-45		1552		17269		16.8455
-428		-113		16743		16.8641
-77		1827		-26		16.8707
-83		-89		17443		16.8769
-96		-50		16940		16.8833
-462		2150		-126		16.89
-687		-73		16742		16.8963
-417		-85		16965		16.9026
-687		3108		15908		16.9089
-1756		4701		-4		16.9309
-1680		-37		14088		16.9374
-1696		-126		-25		16.9438
-1181		3172		-110		16.9504
-1486		3088		13892		16.9568
-505		-4		13682		16.9634
-120		2431		14701		16.9698
-69		-105		-44		16.9761
-407		-109		-67		16.9825
-14		1333		-123		16.9891
-396		-124		15634		16.9954
-168		-65		-88		17.0018
-102		-651		15173		17.0082
-105		-111		-17		17.0145
369		-95		-51		17.021
-72		-95		14459		17.0275
575		-1679		-115		17.0338
-21		-44		-39		17.0401
-88		-1971		-7		17.0465
-122		-1440		12916		17.053
-56		-37		-26		17.0595
-73		-699		-24		17.0657
-33		-55		-12		17.072
-52		-467		-78		17.0784
-41		-96		11343		17.085
-124		-232		-29		17.0914
-251		-122		12100		17.0976
-431		-37		-28		17.104
-10		-126		12065		17.1105
570		-125		-53		17.1168
1890		-46		16964		17.1239
-46		-39		-4		17.1302
1090		-1		-119		17.1367
-70		-1169		-51		17.1432
-5		-1744		18015		17.1495
266		-1478		-15		17.156
789		-952		-68		17.1624
-79		-711		19784		17.1688
-16		-475		19535		17.1801
-105		-131		20800		17.1864
2109		-136		-94		17.1928
1588		-21		21615		17.1994
-12		-38		22397		17.2057
-16		-57		20541		17.2121
-168		1316		-116		17.2183
-87		1600		21008		17.2251
-77		-26		21044		17.2316
540		-19		-78		17.238
-9		3633		-47		17.2645
1632		-27		-86		17.271
1287		3419		21631		17.2778
1104		-90		20341		17.2841
-73		3590		-90		17.293
568		3871		-56		17.2994
614		3905		20533		17.3059
315		-61		20996		17.3124
303		4215		-26		17.3187
89		-90		19039		17.3253
580		4216		20034		17.3317
-24		-113		-71		17.3383
343		4177		19717		17.3452
-43		3709		-26		17.3515
-126		3103		-103		17.3577
-96		-125		18028		17.3642
-78		3334		-48		17.3705
-138		-122		-32		17.3769
371		3430		-50		17.3834
-25		2660		-14		17.3898
373		-88		16431		17.3962
-22		-72		-110		17.4027
-127		-82		-30		17.4091
-98		-36		-127		17.4154
591		-104		14113		17.4217
-127		-102		12836		17.4282
17		1619		13176		17.4346
117		-1		13335		17.4409
126		637		13394		17.4473
271		-118		14181		17.4536
-251		376		12554		17.4599
-158		58		-107		17.4665
-53		-149		-41		17.473
530		-56		12860		17.4807
263		-431		-11		17.4869
101		-932		-31		17.4935
-120		-938		12662		17.4999
-85		-1440		13418		17.5062
288		-1248		-91		17.5128
-127		-938		-16		17.5191
376		-1511		-93		17.5255
290		-2040		-81		17.5321
-95		-83		14876		17.5388
-34		-75		-121		17.5601
326		-655		-48		17.5666
-118		-404		13104		17.573
631		-736		-19		17.5794
618		-46		12881		17.5858
-125		-124		-65		17.5925
355		-120		15451		17.6201
378		-249		16171		17.6265
1312		-77		15693		17.6335
548		261		-70		17.6399
-86		277		15408		17.649
606		-46		15957		17.6553
316		573		15676		17.6618
270		579		-53		17.6683
-64		636		-116		17.6757
-68		880		-8		17.6824
-32		-121		-74		17.6889
-21		843		-29		17.6951
-102		1846		17521		17.7016
-80		1359		19542		17.7122
513		-54		18985		17.7185
-174		-13		18989		17.7251
-110		-89		-45		17.7316
123		790		-35		17.7381
-111		1280		21368		17.7443
-77		-85		-127		17.7508
600		1639		21066		17.7573
543		2584		-72		17.7782
-92		3098		22060		17.7849
-53		-53		21314		17.7915
-37		-61		20262		17.7981
14		-1		-49		17.8045
1299		3331		-84		17.811
-57		4159		19827		17.8174
-92		-24		-23		17.8238
1819		-94		-68		17.8303
-93		4416		18469		17.8369
1107		-21		-120		17.8434
832		4659		-112		17.8496
-107		-110		17700		17.8562
-89		-84		17948		17.8626
-191		-3		18544		17.8691
-19		3444		17507		17.8756
-127		2392		-29		17.8819
-61		1847		-104		17.8881
-85		1579		18287		17.8945
-81		523		-39		17.9008
848		583		-105		17.9072
1320		373		17164		17.9136
-91		-48		16685		17.92
-54		-95		-35		17.9264
378		-17		-81		17.9329
-91		-763		15645		17.9397
-69		-1241		15908		17.9459
-10		-65		15375		17.9522
-649		-1159		15903		17.9586
-65		-1002		-1		17.965
-16		-761		-61		17.9714
365		-716		-84		17.978
-20		-33		14137		17.9843
98		-115		13314		17.9908
35		-396		13131		17.9972
272		-207		13066		18.0038
40		-47		11856		18.0303
-79		-67		12559		18.0367
-13		-61		-76		18.0431
-83		-387		12374		18.0495
530		-400		11375		18.0558
-106		306		11354		18.0825
615		-52		-29		18.0889
-92		-120		10578		18.0956
-17		-33		-4		18.1177
1571		359		-121		18.1242
-88		-74		12326		18.1309
-92		-643		14388		18.1373
-66		-12		15648		18.1439
-57		-117		16252		18.1504
-22		-6		16463		18.1567
380		-932		-1		18.1629
316		-13		18024		18.1693
-8		-385		-79		18.1756
21		-114		-53		18.182
-159		-3		-83		18.1883
-49		-80		-84		18.1948
-38		-21		-127		18.2012
-58		1114		-107		18.2076
300		1873		-44		18.2143
-22		-53		-5		18.2207
359		4167		21110		18.2474
-112		4636		21345		18.254
-81		4965		20853		18.2607
844		4651		-76		18.2674
-22		-120		22104		18.2737
-73		4407		21275		18.2801
365		4182		-21		18.3026
-99		-53		21545		18.3091
1347		4119		-85		18.3155
868		3868		-120		18.3221
310		-31		20531		18.3289
882		-108		19765		18.3352
-96		3905		20799		18.3415
812		3649		19812		18.3482
794		-96		18548		18.3545
-65		-113		-110		18.361
-77		2871		17490		18.3673
798		-47		17450		18.3737
835		2584		-110		18.3802
63		-104		-105		18.3867
117		-97		16420		18.3931
-180		1908		15368		18.3993
-9		-6		-43		18.4055
-77		-31		15965		18.412
264		1608		15935		18.4184
-117		-77		15897		18.4247
-481		794		-71		18.4312
-202		303		15948		18.4376
-26		-43		-26		18.4441
-59		272		15657		18.4505
-122		-21		-116		18.4571
2		114		-17		18.4633
-6		-123		13425		18.4695
-190		-30		-47		18.4758
-14		-140		13121		18.4823
520		-39		12856		18.4886
-45		-244		-48		18.495
272		-155		-85		18.5014
-30		-68		13588		18.5079
-25		-216		-80		18.5143
-37		-100		13887		18.5208
2		-30		13945		18.5269
535		-407		-31		18.5332
115		-26		-92		18.5397
90		-700		13602		18.5461
1080		-75		-128		18.5526
-52		-122		14636		18.5589
-9		-256		14375		18.5652
1098		-79		13943		18.5716
1074		-78		-47		18.5782
-88		-120		-117		18.5847
-81		-92		-57		18.5919
-72		23		-52		18.5982
-99		-28		-69		18.6047
-101		2		-81		18.6111
1054		122		-96		18.6175
844		-85		-4		18.6239
1287		380		15487		18.6302
-5		517		16198		18.6367
-78		784		16490		18.6433
-41		-25		-113		18.6499
1407		-116		15676		18.6605
1635		-61		16392		18.6669
1402		1337		-47		18.6733
1379		1324		16148		18.6798
1331		-120		15659		18.6864
1126		-57		-31		18.6927
-100		-105		-9		18.6991
-20		1819		-47		18.7056
-80		1832		18523		18.712
-57		-108		-91		18.7201
-71		1917		18231		18.7265
376		-61		-35		18.7328
-68		-51		-33		18.7393
893		-81		19061		18.7457
1043		2070		-25		18.7522
374		-109		18994		18.7585
879		-49		-95		18.7648
588		2310		-60		18.7713
-62		-80		-74		18.7778
1039		2628		18975		18.7874
618		-21		-128		18.7938
-91		-68		18266		18.8002
823		3084		-120		18.8065
-59		-101		-30		18.8129
1126		-70		-12		18.8196
-25		3083		17450		18.8259
97		-22		-102		18.8323
-82		-103		-49		18.8391
278		2571		16671		18.8455
-86		1884		-54		18.8702
291		-104		16651		18.8768
-28		-89		16760		18.8831
-24		1639		-53		18.8896
595		1126		-73		18.8961
-16		-61		-19		18.9195
-414		-5		-47		18.9261
342		-151		16655		18.9327
-89		-716		17943		18.9395
-62		-24		17741		18.9462
630		-160		-49		18.9525
-83		-39		16945		18.9588
622		-10		-84		18.9653
-40		-104		-107		18.9716
-52		-124		-44		18.9785
-81		-425		-47		18.9849
367		34		-125		18.9914
-235		-69		-85		18.998
-98		-96		16763		19.0047
546		351		16135		19.0114
-122		-26		-38		19.0179
80		-104		-48		19.0242
306		-63		16459		19.0413
7		355		-51		19.0476
67		-112		-28		19.0541
-127		-17		15151		19.0605
-63		-107		15191		19.0669
824		342		-55		19.0734
-85		383		-32		19.0801
-56		-106		15633		19.0887
776		339		-46		19.0957
-16		113		-83		19.102
623		-50		15168		19.1083
523		-86		17008		19.1146
302		-6		-15		19.1211
3		-31		-107		19.1291
-102		114		16217		19.1397
-109		99		-128		19.146
-83		-22		16491		19.1525
-20		-28		17199		19.159
-83		-30		16166		19.1657
307		-94		15992		19.1721
-112		86		15677		19.1786
555		-28		-32		19.185
822		530		16162		19.1914
-6		542		15448		19.1979
-78		-67		15175		19.2089
-46		591		-53		19.2153
874		534		-104		19.2216
591		-40		-24		19.2281
540		-8		-76		19.2346
-73		284		15205		19.2408
375		547		14363		19.2472
-117		-42		14886		19.2538
593		40		15461		19.2603
827		30		15916		19.2697
-61		-398		-103		19.2765
-28		-10		-27		19.2829
-8		-89		-93		19.2895
-126		-102		17492		19.296
636		-49		16923		19.3024
-143		-182		17730		19.3087
266		-49		17456		19.3153
-114		-93		-23		19.3221
-58		97		17672		19.3469
-83		-17		18493		19.3534
-43		554		-120		19.3599
-59		-124		-6		19.3664
-25		637		18551		19.3729
-29		327		-88		19.3964
-109		520		19257		19.4029
571		332		-53		19.4093
-40		278		-51		19.4158
331		530		-119		19.4224
782		-102		18757		19.4288
-70		1134		18987		19.4352
872		-80		17439		19.4415
562		851		-125		19.448
-20		-121		17492		19.4542
259		-46		-35		19.4606
530		-102		-102		19.4672
-45		1123		16212		19.4735
572		-13		-104		19.48
893		1337		16182		19.4867
583		1362		15741		19.493
-18		1647		-59		19.4993
782		1595		-79		19.5058
796		1548		-120		19.5123
1059		-69		-32		19.5186
-81		-33		-94		19.5251
800		-61		-110		19.5315
-126		-41		-59		19.5383
-65		-45		15147		19.545
337		895		14336		19.5514
355		-53		-41		19.558
-36		845		15663		19.5644
636		-113		16236		19.571
536		-25		-16		19.5775
546		122		16458		19.5838
564		332		16900		19.5901
-109		53		-118		19.5964
302		-233		15889		19.6029
-47		-86		16476		19.6096
113		127		16932		19.616
-48		-80		-104		19.6223
-45		-213		-79		19.6487
127		-89		17485		19.6551
-32		113		16707		19.6615
-40		25		-85		19.668
23		113		16202		19.6743
-20		-32		16398		19.6808
-58		627		-12		19.6872
-155		-65		-52		19.6987
-85		-112		-119		19.7053
-132		-37		16689		19.7116
-56		630		-24		19.718
-89		1071		17480		19.7246
86		-91		-102		19.731
304		584		-96		19.7374
618		-30		-88		19.7439
271		-36		-72		19.7506
815		-43		-103		19.7753
1032		-109		15627		19.7819
-63		362		-52		19.7882
-11		635		16977		19.7947
-125		-93		17667		19.8013
-88		632		15475		19.8262
373		-36		-72		19.8326
286		-54		15986		19.8391
-92		780		15653		19.8458
280		-48		15466		19.8555
-28		-118		16212		19.8618
327		-126		-101		19.8685
599		-93		-48		19.875
513		-101		16408		19.8814
324		1369		17251		19.8878
523		1127		16439		19.8941
341		-125		-105		19.9005
-113		1610		16987		19.9072
296		-115		-35		19.9136
-10		-33		17445		19.9197
-34		1919		-74		19.9261
-25		1824		17191		19.9325
-5		2083		16235		19.9389
366		-48		-107		19.9455
355		-116		16672		19.9517
-1		1383		16735		19.9581
-97		-52		16709		19.9645
582		1395		17479		19.9711
-22		-112		16239		19.9976
382		-32		-125		20.0042
849		-72		16652		20.0107
-121		892		-36		20.0172
326		-63		-83		20.0342
634		893		-21		20.0501
795		-31		17188		20.0565
-92		-122		17667		20.063
339		780		17677		20.0738
-104		1050		-74		20.0801
365		-108		16688		20.087
-158		-65		-93		20.0941
104		815		-120		20.1005
71		-16		-73		20.1069
-38		-88		16225		20.1134
-19		-91		-90		20.12
27		1406		17159		20.1266
66		-106		-60		20.1329
-25		-110		17503		20.1391
110		-21		-76		20.1455
-26		1302		16474		20.152
35		-110		16456		20.1585
-123		1290		-73		20.1649
-48		1107		17217		20.1713
-74		1557		-8		20.1778
-43		1306		16478		20.1842
379		1374		17746		20.1907
547		-57		16680		20.1975
-86		-81		-73		20.2038
-122		1052		-14		20.2103
346		-22		16896		20.2166
591		-7		-71		20.2231
-5		-10		16499		20.2296
67		-44		-22		20.2358
282		864		16131		20.2422
343		1138		16711		20.2486
-109		1060		-43		20.2551
337		-115		-116		20.2763
-14		1084		-65		20.2827
-160		886		16458		20.2891
-168		822		16213		20.2955
-30		853		-92		20.3019
-25		-99		-20		20.3086
-14		775		-85		20.3169
-512		-121		-127		20.3233
-113		-51		15940		20.3298
-69		1287		16717		20.3362
-407		-14		-47		20.3425
-100		827		-91		20.3488
-94		859		-95		20.355
-425		-5		-52		20.3616
-79		-86		-57		20.3683
-412		-91		-115		20.3762
-31		811		-74		20.3824
-79		-37		-62		20.3887
-239		1101		-64		20.3954
-10		1046		16988		20.4017
-94		1029		-7		20.4082
-215		1374		16756		20.4146
-89		-122		17525		20.4209
-35		1292		-5		20.4275
-501		1122		-41		20.4339
-145		-48		16959		20.4567
9		-86		17766		20.4633
-106		-73		-110		20.4696
-10		-122		-52		20.4761
0		-54		16657		20.4826
-18		-22		-65		20.4961
343		-6		-112		20.5025
302		-59		16719		20.509
-121		1393		15703		20.5153
94		1557		15916		20.5217
-442		1562		16506		20.5281
-109		1398		17156		20.5345
-65		-65		16660		20.541
-151		1393		16235		20.5475
-252		1394		16682		20.5537
-90		1336		-27		20.56
-145		-52		-83		20.5665
-36		1282		-61		20.5728
-253		1039		-36		20.5792
-35		-33		-68		20.5855
-206		-101		-3		20.5919
-179		1600		15428		20.5984
-219		1384		16221		20.6052
-92		-91		-11		20.615
-85		1286		16172		20.6213
-105		-84		-36		20.6278
-100		-122		16711		20.6343
-90		1320		16239		20.6408
-77		-27		16128		20.6472
-120		1120		15932		20.6535
-447		-13		-9		20.6599
-92		1068		16662		20.6669
-198		-86		17276		20.6935
362		-15		16927		20.7002
-7		-64		-21		20.7068
349		-19		-55		20.7134
-126		1119		-54		20.7198
-70		1850		17744		20.7472
-103		-22		17932		20.7536
-5		1836		-94		20.7602
-48		1877		-1		20.7839
-51		1840		17533		20.7903
67		1648		17169		20.7971
46		1659		-27		20.8035
-83		-21		-87		20.81
-47		-40		16455		20.8167
-59		1647		-65		20.823
-10		1619		17937		20.8291
-97		-32		-104		20.8355
-125		-104		-97		20.8419
-65		-118		17695		20.8482
74		1399		16986		20.8547
-11		-128		16664		20.8612
-46		1365		-31		20.8676
-223		-104		16451		20.8741
-128		1370		17225		20.8806
-48		-48		-121		20.887
-6		1572		16748		20.8932
-31		-4		-120		20.8997
122		1564		17224		20.906
-454		-110		17272		20.9125
111		-59		-99		20.9189
-239		-1		-85		20.9253
-7		1580		16682		20.9316
-158		-100		-115		20.9382
-33		1555		16140		20.9448
-63		-89		-74		20.9509
-28		-78		16241		20.9571
-479		1367		-11		20.9634
-195		1151		-38		20.9698
-106		-124		-1		20.9763
-192		1056		15936		20.9829
40		1307		-123		20.9892
-1		1090		16716		20.9956
-85		-68		16657		21.0024
94		-120		16511		21.0088
-78		1122		-113		21.0365
106		-78		-94		21.043
93		-40		16975		21.0493
59		-42		17004		21.0557
-208		-1		15393		21.0654
-78		-113		-18		21.072
63		1325		16440		21.0784
-29		1136		17255		21.0849
-117		1056		16709		21.0913
-182		-116		-65		21.0975
-69		-38		15729		21.1042
-122		1389		16386		21.1109
-101		-51		-44		21.1221
-195		1094		-48		21.138
-96		-81		-26		21.1445
-52		1820		17023		21.1509
332		-97		-84		21.1574
-25		1120		-54		21.1639
-22		-25		16173		21.1705
-20		1379		16157		21.1769
-79		1541		-115		21.1872
111		1366		-8		21.1937
-97		-105		17163		21.2001
2		1398		16480		21.2065
-63		-122		16478		21.2132
45		1558		16952		21.2195
288		-25		17019		21.226
272		1596		16999		21.2324
-96		-81		15974		21.2389
51		1374		17441		21.2452
-110		-90		16385		21.2618
600		1390		-103		21.2778
117		1603		-125		21.2842
-25		-73		15996		21.2908
-26		1904		-40		21.2976
354		1360		-19		21.3218
519		-3		17211		21.3283
333		1858		15711		21.3347
811		-102		17189		21.3411
-46		-65		16912		21.3475
365		1088		16242		21.3541
262		1659		-50		21.3603
359		-83		-17		21.3666
382		-53		16436		21.3729
-57		-123		17221		21.3793
-64		-106		16153		21.3857
86		1397		16235		21.3924
-69		1335		-24		21.3989
291		1360		-96		21.4059
610		1622		17171		21.4127
-93		-73		15983		21.4191
315		-88		-110		21.4374
94		1287		-87		21.4437
9		1320		17767		21.4502
53		1135		-48		21.4565
299		1296		-33		21.463
-178		1056		16465		21.4696
94		-5		-35		21.4761
-125		1383		-37		21.4825
294		-54		-122		21.4888
-22		-57		-16		21.4952
113		1144		-65		21.5036
-125		1112		-120		21.5106
39		1308		16411		21.5169
362		-68		-62		21.532
-16		-4		16738		21.5383
-200		-118		-86		21.5448
268		-22		16705		21.5513
271		-34		16659		21.5591
104		-43		16467		21.5656
-106		1316		16675		21.5721
10		1312		16657		21.5782
-131		1339		-70		21.5845
15		-75		-41		21.5906
-56		-9		-68		21.5971
-190		1375		-1		21.6223
-3		1347		-126		21.6286
119		-24		16498		21.635
284		-98		16743		21.642
362		1384		-49		21.6483
-180		-65		-70		21.6568
-83		1382		16148		21.6633
-58		1638		-47		21.6698
-21		-38		-76		21.6761
30		1347		-36		21.6824
80		1283		-19		21.6889
-122		-109		16703		21.6954
-98		1572		16928		21.7019
327		1557		16964		21.7084
-14		-74		-58		21.7147
89		1652		16734		21.7212
-38		1562		16707		21.7275
374		1550		16936		21.734
86		-78		15956		21.7403
98		-102		17485		21.7468
-62		-122		17253		21.753
2		-110		16180		21.7595
15		-15		-85		21.7664
-97		1554		-103		21.7729
-67		-93		17247		21.7791
-40		1348		16666		21.7856
-6		-105		17473		21.7919
264		1393		16423		21.7982
-52		1311		16152		21.8047
123		-22		16908		21.8111
257		1366		17217		21.8174
-61		-36		-47		21.8241
-96		-93		-106		21.8308
895		1390		16738		21.8519
-22		-122		16696		21.8583
1119		-68		-73		21.8648
-72		-88		16233		21.8713
1095		1336		15707		21.8777
1054		1143		17483		21.8842
-45		1308		16169		21.9108
-37		-62		-118		21.9173
1317		1351		-127		21.924
-109		1325		-111		21.9306
-30		-76		16175		21.9369
1804		-58		16498		21.9458
-58		-21		16701		21.9521
-73		1339		-1		21.9587
-81		-8		-28		21.965
-106		-83		16671		21.9714
1852		1361		15743		21.9778
-40		1370		-62		21.9841
-24		-40		16411		21.9906
2155		-65		-69		22.0113
2171		-18		16236		22.0177
-37		-21		16196		22.0243
-93		1282		-31		22.0305
1824		-56		16389		22.0369
-68		1307		15616		22.0433
1827		-76		-19		22.05
-24		1303		-28		22.0725
-93		1288		16426		22.079
1335		-49		-128		22.0854
-112		1316		16470		22.0917
-102		1115		-27		22.0982
-54		-72		-64		22.1047
810		-16		-64		22.1114
-85		-89		16399		22.1177
-37		1654		16206		22.1242
1333		-125		16171		22.1308
853		-22		15976		22.1371
1034		-27		15661		22.1436
872		-11		15152		22.15
-112		1280		-81		22.1563
1399		1300		16389		22.1629
-95		-95		-91		22.1694
1110		-100		-37		22.1918
1286		-51		16465		22.1983
1064		1332		17681		22.2046
1336		1327		16671		22.211
-117		1375		-73		22.2175
1118		-22		-72		22.2241
1134		-118		-92		22.2327
1824		1547		17000		22.239
-1		1552		-84		22.2455
1570		1838		-123		22.252
-120		-54		16939		22.2584
1576		-13		-116		22.2648
1362		-64		-118		22.2711
1543		1360		16216		22.2776
1596		-4		-3		22.2844
-20		1579		17219		22.2908
1293		1308		-119		22.2969
1619		-122		16140		22.3033
1312		-19		-38		22.3099
1290		1383		16509		22.3163
-24		-56		-3		22.3228
1343		1389		-117		22.3291
1335		1340		17243		22.3357
-114		-12		-61		22.3422
1642		1322		-10		22.3487
1574		1370		15912		22.3714
-116		-120		16736		22.3779
1293		1282		15899		22.3844
-51		-22		15992		22.3909
-68		-69		16459		22.3974
-92		-43		-33		22.4038
-121		-82		-51		22.4138
1539		1356		-54		22.4203
-95		-29		-55		22.4267
1362		-62		-85		22.4331
1287		1303		16933		22.4396
1552		1308		16755		22.4459
1335		-51		-108		22.4523
-38		-89		17168		22.4587
1872		1297		16428		22.4653
-110		-4		16986		22.4739
-81		-33		-51		22.4803
-33		1295		16479		22.4866
1337		1351		-78		22.493
1562		1403		-79		22.4995
-35		1328		-104		22.5059
1340		1138		16487		22.5122
-36		-62		-125		22.5188
-58		1387		-127		22.5254
-106		1284		16500		22.5396
1299		1353		-8		22.5554
-108		-69		16399		22.5618
1381		-44		-28		22.5681
1399		-79		16751		22.5746
-65		1142		16448		22.5812
-68		-66		16213		22.5919
1366		-93		16230		22.5983
1094		1344		-68		22.6047
-91		1280		16996		22.6113
1290		-20		-80		22.6177
-5		1307		-72		22.6241
-125		1327		16484		22.6306
1323		1399		16659		22.6372
-52		-88		-117		22.6441
-45		1284		16679		22.6552
-120		-38		-16		22.6615
1361		-7		15920		22.668
-68		1389		-106		22.6746
1366		-92		-32		22.6809
1621		-92		-117		22.6873
-36		1373		-97		22.6939
-106		-15		-22		22.7005
1311		-72		-108		22.7066
1306		1345		17219		22.7142
1610		-25		-108		22.7207
-111		-42		-103		22.7316
-92		1299		16684		22.7379
1627		1300		15967		22.7444
-100		-117		-117		22.7509
-70		1295		-48		22.7573
-69		1610		16151		22.7638
1322		1389		-104		22.7703
-70		1355		-44		22.7767
1291		-49		-29		22.7832
-89		-11		-51		22.799
1378		-3		16656		22.8149
1361		-96		-23		22.8212
870		1345		-38		22.8278
-9		-17		-48		22.8343
1365		1312		-21		22.8596
-62		1315		-16		22.8662
1566		1349		-48		22.8731
1327		-5		-116		22.8796
-77		1348		15983		22.8861
-25		-66		15999		22.8928
-12		-113		-95		22.899
-117		1370		-107		22.9054
-20		-102		15634		22.9119
1537		-78		16173		22.9182
1537		1304		-121		22.9249
-66		-58		17178		22.9313
1357		1382		16736		22.9377
-105		-37		-19		22.9441
1306		-78		-63		22.9507
-37		-8		17464		22.9571
-36		-86		-18		22.9632
-20		1335		-65		22.9696
-66		-70		16460		22.976
-117		-4		-32		22.9825
-5		1135		16740		22.9889
1383		-93		17020		22.9954
-113		1325		-38		23.0017
1302		-82		-104		23.0082
1636		1393		17217		23.015
-75		-12		-93		23.0417
-118		1398		16738		23.048
1359		1398		-70		23.0544
-52		1317		16940		23.061
-40		1292		-15		23.0882
1327		1333		17221		23.0947
-108		1369		-7		23.1014
-83		-31		15884		23.1081
1580		-6		-97		23.1214
-18		1550		16135		23.1279
1400		1558		-100		23.1342
-66		1538		-3		23.1406
-46		-13		16651		23.1469
-10		1322		15723		23.1533
1559		1353		15936		23.1597
1303		1299		16165		23.1662
-74		1595		-82		23.1725
-57		1325		-16		23.1787
1366		1398		-4		23.1851
1043		1349		-61		23.1915
-123		-24		-23		23.1979
1562		1333		16657		23.2043
1541		-89		16229		23.2108
-1		1302		-35		23.2172
1539		-75		-115		23.2238
-49		-93		-125		23.2303
-113		1328		16424		23.2365
1293		-97		-45		23.2427
-6		-18		15920		23.2491
1550		-109		16997		23.2554
1656		-56		17204		23.2619
-94		-31		-127		23.2683
-45		1319		-73		23.2746
-114		1395		-37		23.2811
1646		1544		16943		23.2876
1611		-83		-20		23.2943
-11		1296		16653		23.3033
1324		1079		16405		23.3097
1366		1557		-91		23.3161
1126		1547		16463		23.3225
-85		-85		17205		23.3289
1360		-105		15957		23.3352
1333		1371		16414		23.3415
1568		1098		16255		23.3484
1371		1382		-61		23.355
-121		1114		16435		23.3782
-84		1366		16653		23.3845
1604		1349		16178		23.3909
1406		-28		-9		23.3974
-120		1317		15877		23.404
1583		1060		16687		23.4108
-33		-104		-51		23.4199
-18		-4		-41		23.4263
-56		-61		17000		23.4327
-95		1407		-31		23.4391
-46		-41		16205		23.4454
1323		1398		-24		23.4519
1322		1389		17160		23.4584
-102		1283		-30		23.4647
1543		-99		-56		23.4712
-106		1399		-8		23.4974
-4		-17		-24		23.5038
-54		1064		16467		23.5104
-3		-104		16992		23.5169
1575		-4		-47		23.5233
1604		1128		-95		23.5511
-109		1559		16500		23.5575
1381		1539		-108		23.564
1333		-5		16739		23.5873
1144		-38		-64		23.594
1537		1107		15949		23.6005
-100		1580		17477		23.607
-61		1397		-120		23.6134
1584		-10		-21		23.6202
1389		-54		-115		23.6264
-37		-53		-65		23.633
-123		-110		-27		23.6393
-54		1319		-102		23.6457
1362		-40		-124		23.6521
-97		1347		-46		23.6587
1367		1142		-31		23.665
1591		1084		16424		23.6714
-21		-78		15685		23.678
-48		1550		15895		23.6844
1120		1341		16400		23.6907
1652		-5		-49		23.6971
1826		1365		16184		23.7035
1607		-101		16188		23.71
-33		-96		-20		23.7164
1072		-32		16148		23.7229
-106		1373		-42		23.7295
-54		1325		16967		23.7359
1407		-68		-37		23.7424
1336		-78		-60		23.7487
-109		1366		-55		23.7549
1345		1332		-59		23.7614
-100		-68		-97		23.768
-57		1369		16507		23.7743
-16		-4		-25		23.7808
-58		-38		-27		23.7872
1311		1343		-104		23.7937
-115		-4		-4		23.8001
1395		-49		-76		23.8067
-24		1083		-30		23.813
1624		1149		17220		23.8191
1397		1127		-45		23.8258
-72		1131		-30		23.8322
1343		1324		-69		23.8387
-102		-97		16197		23.8453
1613		-106		-112		23.8516
-102		1375		-106		23.8581
1379		1302		16904		23.8646
1092		-7		16499		23.8713
1642		1567		-67		23.8775
1604		1303		-103		23.8838
1587		-42		16166		23.8908
1583		1329		-33		23.8973
-18		1304		17223		23.9038
-36		-99		-14		23.9124
1083		-45		-58		23.9187
-90		1356		-45		23.9252
1293		1407		-27		23.9316
1567		-85		-64		23.9383
-16		-9		16455		23.9446
1313		-1		-111		23.9512
1640		1288		16390		23.9576
-94		1311		-37		23.964
-17		-50		-86		23.9707
-4		-61		-112		23.9771
-113		-18		16701		23.9833
1056		1356		16189		23.9897
-40		1337		-72		23.9976
-16		1389		16936		24.004
1306		-60		15895		24.0283
1036		1319		-65		24.0349
-46		1602		16249		24.0413
-14		-4		16986		24.0479
1568		1309		16961		24.0542
1855		-56		-76		24.0606
1282		-102		16499		24.0878
1395		1349		16953		24.0942
1387		-116		17265		24.1009
1067		-7		16751		24.1074
1128		-54		-11		24.1176
-113		-74		16151		24.1242
1650		1332		16736		24.1307
1583		1283		15895		24.1371
1373		1355		15686		24.1434
-81		-3		16226		24.1499
1634		1328		-48		24.1562
-100		-72		17269		24.1627
1362		-21		16721		24.1693
1651		-73		-27		24.176
1076		-81		16200		24.1898
1382		1066		16755		24.1961
1284		-16		15974		24.2025
1303		-1		-75		24.2091
-101		-100		16657		24.2154
-20		-7		15910		24.2218
-57		-124		15912		24.2281
-86		-122		-120		24.2345
-14		-117		-106		24.241
-46		-101		-68		24.2474
1136		-61		-60		24.2584
-65		1359		16250		24.2647
-125		1389		16434		24.2711
1132		-90		16164		24.2776
-86		-35		15988		24.284
-126		-9		16395		24.2903
1552		1312		16176		24.2967
1312		-89		-120		24.3031
1103		-108		-35		24.3097
1646		1325		16480		24.3359
1384		-48		16146		24.3423
-109		1323		-76		24.3489
-32		-121		-1		24.3556
-41		-68		16165		24.362
1291		1384		15476		24.3877
1296		-12		16164		24.3942
1324		-4		16758		24.4006
-72		1300		17460		24.4074
1090		1548		-44		24.4176
1382		-122		16164		24.4239
-101		1343		-7		24.4304
-76		1344		16201		24.4368
1303		-54		-29		24.443
-46		-38		-108		24.4497
-102		1283		17520		24.4561
1877		1311		16181		24.4627
-60		-70		15952		24.4693
-61		-113		16948		24.4774
-122		-24		16431		24.4836
1391		-49		-72		24.4901
-45		-77		16447		24.4963
-128		-120		16683		24.5026
1288		-1		-99		24.5091
-31		1296		-63		24.5153
-50		-29		16469		24.5217
-114		1386		15731		24.5281
1327		1296		15940		24.5346
-86		-112		16217		24.5568
1554		-70		16907		24.5633
-1		-53		-60		24.5701
1327		-109		-86		24.5765
1550		-57		-7		24.583
-78		1332		16139		24.5895
-77		1365		-50		24.5962
1386		1377		15940		24.6067
1387		-83		-53		24.613
-25		-21		-101		24.6194
1359		1315		16948		24.6258
-117		-24		16253		24.6321
-13		-9		-37		24.6384
1325		1300		16927		24.6447
1355		-65		16237		24.6512
1552		1652		-101		24.658
1291		-117		-35		24.6675
-17		-117		16657		24.6739
-106		-118		16444		24.6803
-104		-93		16478		24.687
-37		1398		16438		24.6936
1567		-125		-92		24.6999
-61		1309		-95		24.7062
-94		-68		16390		24.7127
1293		-22		16980		24.7195
1590		-17		-70		24.7455
1347		-48		16239		24.7519
-77		-79		-35		24.7582
1580		-95		-81		24.7649
1539		-81		-106		24.7714
1134		1353		-92		24.7988
1329		1319		-76		24.8051
-35		-85		17410		24.8118
1300		1136		16185		24.8348
-6		-81		16420		24.8413
-6		1644		16159		24.848
1296		-105		-70		24.8545
1544		-18		16165		24.861
-36		-73		-17		24.8676
-49		1302		-27		24.8738
1075		-117		-56		24.8801
1611		-125		17020		24.8867
1389		-92		-81		24.893
-88		1407		17721		24.8995
-38		-35		-80		24.9059
-52		1107		15904		24.9125
-18		-69		16743		24.9189
1382		1374		16896		24.9254
1355		-126		-120		24.9319
1580		1379		15916		24.9382
1349		-122		-112		24.9451
-5		-31		16224		24.9519
-116		-15		16443		24.9585
1286		1542		-47		24.9649
-77		-42		16216		24.9713
-29		-4		-41		24.9778
1384		-98		-20		24.9843
-45		-74		15903		24.9908
1130		-21		16662		24.9974
1303		-29		-65		25.0037
1126		1047		-3		25.0099
-84		1347		17693		25.0164
1332		1341		-80		25.023
1596		-99		17023		25.0292
-12		1590		17467		25.0356
1404		-92		-78		25.042
-59		-102		-15		25.0484
-100		1293		17468		25.055
-120		1568		-74		25.0616
1406		1319		16923		25.0678
1366		1325		-27		25.074
-112		1360		-12		25.0806
-20		-122		17767		25.0906
-32		-114		16712		25.097
1570		-70		-107		25.1034
1547		1288		16221		25.1096
1099		1323		16697		25.116
1360		1304		15920		25.1227
-3		1333		-84		25.1291
-41		-5		-95		25.14
-88		-61		16965		25.1463
-105		1134		-34		25.1527
1398		-72		16225		25.159
1570		-101		16456		25.1654
-122		1324		16396		25.1716
1339		-81		-77		25.1781
1538		1311		-16		25.185
-76		-5		16922		25.1914
1406		-127		16756		25.2184
-98		-15		16652		25.2248
1107		-92		17020		25.2316
-19		1564		16677		25.238
1348		-21		16738		25.2466
-96		-36		16648		25.2529
-22		1324		-51		25.2593
-127		-9		-59		25.2657
1599		1120		16899		25.272
1402		1658		15972		25.2784
1611		-26		-65		25.2848
1295		1291		-76		25.2912
-42		-28		16249		25.2982
-120		-1		16165		25.3045
-37		-113		16731		25.3107
1147		-6		16482		25.3172
-56		1302		16955		25.3235
1562		1602		-105		25.3299
1327		-65		-58		25.3363
1648		1316		16217		25.3426
-75		-118		-84		25.3491
-74		-116		-39		25.3556
1646		1355		15950		25.3623
1547		1325		16248		25.3771
1582		-114		15709		25.3836
-1		1288		17175		25.3911
-96		1362		16499		25.3976
-62		1311		-85		25.4043
-120		1292		16964		25.4105
-90		-15		-21		25.4169
1282		1394		16918		25.4232
1325		-72		16932		25.447
1590		1308		-23		25.4536
-127		-28		-5		25.46
1353		-36		-115		25.4665
1282		-28		15647		25.4732
1130		-22		16734		25.4795
1661		1394		16943		25.4857
-89		-105		-47		25.4921
-104		-44		-124		25.4985
-29		-101		16643		25.5051
1114		-104		-74		25.5115
1355		1399		16452		25.5178
1622		1638		-67		25.5243
1378		1386		-41		25.5308
1799		1288		-36		25.5376
1295		-25		17244		25.544
-3		-89		16953		25.5502
1375		-20		-94		25.5567
1586		1293		15928		25.5631
-122		-106		-121		25.5695
-53		1056		16684		25.5759
1347		1369		16137		25.5823
-86		-91		-33		25.5887
1143		-128		16735		25.5951
-28		1406		16763		25.6018
1374		-109		15954		25.6282
1398		1355		-102		25.6345
-69		1282		-67		25.641
-90		1347		-123		25.6476
1596		-62		16161		25.659
-49		-38		15929		25.6654
1076		1308		15942		25.6718
1663		-3		15976		25.6783
1853		1587		16502		25.6848
-45		1331		-20		25.6911
1390		1399		-128		25.6975
-28		-72		-8		25.7039
-31		1312		15913		25.7104
-3		1320		-39		25.7166
1580		1547		-39		25.7242
-50		1399		-111		25.7332
-112		-74		15632		25.7395
-79		-67		-74		25.7458
-16		-5		16721		25.7522
-109		1379		-69		25.7586
-128		1319		16198		25.7651
-110		1309		16726		25.7715
1361		-82		17508		25.7778
-20		1332		-64		25.7843
-121		1331		-110		25.7909
1551		1292		15896		25.8141
1594		-69		-84		25.8204
1652		1349		15480		25.8269
1323		1382		-38		25.8331
-65		1393		16739		25.8398
1324		1393		16731		25.8465
-11		-114		-78		25.8545
-115		1151		-95		25.8608
1323		1397		16904		25.8672
1316		-38		16136		25.8737
-25		-86		-25		25.88
1648		1324		16992		25.8862
-128		1316		-8		25.8928
-99		-97		-27		25.8992
-68		-3		-80		25.9057
-73		-5		-93		25.9124
-78		1587		-96		25.9187
1320		1131		16730		25.9248
1335		1290		-65		25.9311
-82		1327		16173		25.9376
1588		-32		-124		25.944
1371		1335		16172		25.9505
-12		-121		-110		25.957
1149		1366		-68		25.9635
1359		-96		-96		25.97
-125		1280		-87		25.9768
-109		1339		-54		25.9975
-125		-92		-91		26.0039
-86		1096		16957		26.0105
1381		-60		16418		26.0168
1596		1575		-52		26.0233
-108		1299		16656		26.0299
-111		1384		16977		26.0364
-25		-106		16414		26.0426
-46		1361		17477		26.049
1369		-16		16178		26.0554
1325		1374		16668		26.0619
1320		1332		-84		26.0684
-1		1308		16242		26.0747
-106		1544		-113		26.0811
-50		-93		-37		26.0877
-5		1325		16999		26.0944
1548		1290		-88		26.1007
-17		1390		-9		26.1068
1347		1339		16657		26.1133
-92		1283		16386		26.1197
-12		-117		-56		26.1262
1302		-89		16758		26.1327
1288		-63		16471		26.1391
1563		-27		16913		26.1455
1590		1329		16992		26.1523
-28		1371		16240		26.1591
-68		1378		-102		26.1844
1297		-86		-91		26.1908
822		1325		-128		26.1972
1382		1347		-96		26.2037
1373		-5		-50		26.21
-4		-36		16200		26.2338
1282		-124		16906		26.2409
-26		-28		-105		26.2473
-54		-29		16450		26.2539
1656		-56		16460		26.2604
1140		-25		16507		26.267
-70		1360		-27		26.2734
-90		1357		16907		26.2822
-105		-45		17004		26.2885
-106		-49		16989		26.2948
-51		1319		-15		26.3013
-54		-33		-48		26.3078
1402		1287		17277		26.3143
-112		1389		16452		26.3208
1867		1343		17535		26.3273
-49		1348		16964		26.3338
1362		1400		16253		26.3403
1389		-108		16188		26.3468
1367		-63		-102		26.3553
1387		1311		-51		26.362
1557		1322		-23		26.3686
-78		1119		16406		26.3752
-116		1306		-98		26.3838
-52		1300		16967		26.3902
-97		-104		16178		26.3967
1377		-102		17023		26.4032
1373		1359		-111		26.4095
1331		-114		-69		26.4161
-100		1369		15897		26.4226
-77		1339		-100		26.429
1582		1320		17164		26.4353
-1		1383		16644		26.4419
1619		1375		-51		26.4482
1307		1320		15666		26.4545
1384		1329		-115		26.4825
-24		1546		-75		26.4888
1116		-123		-70		26.4953
-24		1313		-64		26.5017
-20		1333		15984		26.5081
-3		-36		16672		26.5334
-46		-45		-104		26.5398
1373		-20		16912		26.5463
-100		-105		16476		26.5528
1119		-88		-108		26.5594
-83		-68		-58		26.5674
-123		1308		-16		26.5737
1147		-27		16666		26.5802
-127		1302		16161		26.5865
-89		-35		-93		26.5929
-109		-41		-5		26.5993
-22		1313		17423		26.6058
1295		1331		16175		26.6123
1539		-122		16200		26.6191
-11		-33		-48		26.6256
1348		1299		-58		26.6318
891		-109		-84		26.6382
-65		-62		16693		26.6447
-89		1393		17231		26.6513
1543		1312		-6		26.6577
1397		1068		17273		26.664
1320		-79		-9		26.6704
1602		1328		-29		26.6769
1552		-61		-31		26.6836
1360		-86		17191		26.6946
1559		-61		16488		26.7012
-95		1386		16196		26.7075
-21		-56		16460		26.714
-73		-40		17191		26.7205
1331		1308		-97		26.7269
-109		1406		-6		26.7333
-79		1148		17211		26.7399
1286		-51		-121		26.7464
1394		1151		16181		26.7545
-92		-122		16164		26.7608
-92		1357		16229		26.7672
1397		-42		17244		26.7736
-125		1307		16455		26.78
1074		1398		-53		26.7864
-34		1617		-39		26.7926
1341		-89		16145		26.799
1339		1349		17727		26.8055
1650		-28		16742		26.8119
1299		-73		-84		26.835
1379		-88		-111		26.8415
-36		1333		16483		26.8478
-67		1132		15986		26.8544
1381		1357		-14		26.861
1391		-44		16695		26.8677
-42		-62		17437		26.8949
1340		1375		16447		26.9014
-88		-88		16235		26.9082
-54		1323		17179		26.9147
-21		-29		-86		26.9362
-65		1317		-64		26.9429
1339		1313		-72		26.9494
1611		-51		-96		26.9557
-66		1379		-53		26.9623
-52		-31		16452		26.969
1554		1308		-109		26.9752
1365		1101		16194		26.9815
1404		1361		16679		26.9878
1638		-12		