 X		Y		Z		Time[us]
-75		-123		-6		-4.27044e-44
568		-13		-60		0.00609815
-4		-72		17508		0.0124173
538		548		16977		0.0186935
-41		351		16387		0.0252076
623		-42		17236		0.0342298
-70		535		-29		0.0450761
-121		365		-71		0.0514653
890		514		16503		0.0581584
798		367		-77		0.0649266
787		556		16423		0.0714518
570		383		-75		0.0872041
-96		268		16944		0.0935063
-32		517		-1		0.103981
-24		259		-3		0.110397
-8		626		15647		0.117054
818		539		16669		0.123462
-93		-121		-112		0.129812
769		517		-70		0.136283
1134		296		16898		0.142839
-52		-52		17011		0.149275
-85		332		17209		0.15574
769		-59		16707		0.162478
343		618		16759		0.16928
-111		-69		-3		0.175631
-89		-128		17263		0.181749
783		542		17205		0.187969
-65		278		17002		0.194331
-120		588		-31		0.200711
878		-9		-38		0.207246
883		615		16982		0.213738
1042		-85		-125		0.220173
-125		-29		-10		0.226629
-77		-69		16168		0.23289
592		-5		15682		0.239403
-36		-12		-99		0.245818
-40		358		-1		0.252101
-63		555		15632		0.258304
-25		528		17732		0.264769
622		288		15925		0.271169
-125		378		-56		0.27758
542		-18		-68		0.28402
580		331		17423		0.290497
-21		-74		-18		0.296832
867		-94		-59		0.30331
858		551		-99		0.309934
872		-38		-109		0.316542
534		-59		16202		0.32264
635		-70		-50		0.329089
576		-58		16146		0.335416
556		324		-84		0.341726
-1		518		16499		0.348224
-108		-125		-115		0.354736
-120		-13		16447		0.361209
514		375		-3		0.367646
-29		302		16896		0.374267
782		-41		16707		0.380682
827		-91		-78		0.386818
-128		579		-73		0.393149
623		349		16440		0.399612
892		353		16734		0.406097
-1		620		-16		0.412575
-3		291		17476		0.419146
-49		-90		15884		0.425576
-85		-33		16688		0.432128
-29		-68		16728		0.438729
-86		631		16128		0.445062
-126		634		16936		0.451162
-84		350		16898		0.457556
848		351		-22		0.463991
626		-57		-47		0.470448
-20		-42		-44		0.476825
866		-20		-43		0.483161
796		-81		15737		0.489408
800		337		16911		0.49601
803		271		-46		0.502775
-115		539		-96		0.513964
-9		-29		16194		0.520261
-10		550		15653		0.526677
357		592		16949		0.533068
1111		363		-15		0.53942
-72		288		-113		0.545855
1030		-22		16205		0.552045
-61		-121		-47		0.558663
-115		-50		-101		0.565393
831		-79		-39		0.573115
-73		-13		16653		0.579788
-50		-110		17211		0.585877
-33		295		-63		0.592188
771		-83		-19		0.598511
600		-88		16144		0.604933
602		-77		-29		0.611282
589		-95		-1		0.617871
807		-107		16927		0.624386
831		571		17444		0.6309
550		365		-65		0.637474
831		-1		-112		0.652778
-30		-98		17269		0.668546
887		282		-113		0.674801
870		333		-8		0.681128
867		-93		16941		0.687767
-9		-97		-126		0.69434
-128		-117		-15		0.715883
564		316		-116		0.722521
-12		373		16412		0.728966
1046		1		17258		0.735259
-32		580		-60		0.741803
558		319		-91		0.74858
1091		-102		-20		0.754907
-89		-42		-48		0.761132
776		564		-123		0.767567
-56		-90		-124		0.773928
811		-69		16933		0.780376
893		271		16943		0.786715
560		-54		-19		0.793172
-10		279		-112		0.799692
-14		-8		16652		0.806467
792		558		-83		0.81309
-111		612		16746		0.819341
-19		-36		-40		0.825499
588		258		-67		0.831812
858		283		-11		0.838072
-104		-83		15992		0.844495
1123		573		15665		0.85088
-113		538		-72		0.857281
-83		362		-25		0.863661
-40		-34		-91		0.870267
1100		535		16973		0.876805
-122		357		16145		0.882915
1098		540		16145		0.889065
778		353		-112		0.895486
-108		628		-76		0.902058
-76		278		-10		0.908397
-108		274		-89		0.914721
1098		527		16469		0.921135
840		299		-35		0.927544
1051		518		17009		0.934136
876		-9		16648		0.940854
-9		536		-67		0.947121
796		-41		-27		0.953228
-56		-13		-52		0.959525
-127		335		15925		0.965837
-116		-116		-33		0.97225
-73		526		-31		0.978566
872		275		-78		0.98504
-120		-69		16391		0.991329
620		-104		-100		0.997898
1088		367		-125		1.00473
-45		776		16764		1.01523
-70		848		-56		1.02179
-109		513		-111		1.02845
544		257		-80		1.035
-93		519		-108		1.04143
618		374		-96		1.04787
779		370		17668		1.05422
523		284		-81		1.06065
-86		-106		-110		1.06726
-116		363		-1		1.07364
-57		-26		17415		1.09665
610		-43		-53		1.10324
-43		-45		17260		1.10951
382		-123		-127		1.11603
792		360		-62		1.12259
794		286		-68		1.13281
-52		-94		-72		1.13902
844		-81		-124		1.14539
-89		-127		-111		1.15178
-94		331		15974		1.15815
528		291		-52		1.1647
547		376		16920		1.17107
556		-18		-99		1.17752
864		551		16732		1.18424
828		271		-4		1.19056
-3		-73		16423		1.19671
626		292		16646		1.20316
1135		-85		-96		1.2096
778		571		-29		1.21601
-49		-1		16693		1.22228
829		-34		16991		1.22867
791		324		-56		1.23504
632		351		16754		1.24157
-66		614		-108		1.24815
-32		-38		-64		1.27481
-125		-107		-112		1.28136
-25		571		-44		1.28773
816		-56		17279		1.29414
-82		547		16414		1.30342
1083		-43		-33		1.30965
535		571		15377		1.31612
547		376		-90		1.32254
-29		-81		16178		1.32887
-24		-96		-48		1.33547
-72		-75		-7		1.34179
597		-43		-44		1.34844
619		-3		-96		1.35531
-36		530		-64		1.37652
-27		363		-51		1.38323
-74		-78		16971		1.38947
-125		-98		16503		1.39591
-58		523		15712		1.40244
-92		291		-84		1.40932
799		282		17410		1.41566
790		-73		-27		1.4219
-48		-112		16648		1.44491
798		341		16662		1.45135
-120		314		16750		1.45765
-108		534		16456		1.46417
-106		589		16232		1.47065
-65		283		16212		1.47714
-89		-85		-82		1.48324
784		-98		-51		1.48958
1126		-18		16673		1.49606
882		-5		-48		1.50258
-97		-97		-125		1.5089
-33		608		16220		1.51522
799		-22		15973		1.52159
803		-46		16975		1.52805
-108		-30		-49		1.53469
-5		544		16951		1.54437
774		-74		-75		1.55081
-97		554		16151		1.55735
1040		378		17217		1.56428
839		373		-75		1.57082
-62		559		16750		1.57715
823		-46		18039		1.5834
-33		-62		-67		1.59
-83		-46		-111		1.59649
566		277		16143		1.62216
-49		315		-51		1.62853
827		-98		-6		1.63493
-29		332		-11		1.64178
-49		-32		-113		1.64811
-36		-96		17248		1.67465
882		572		16972		1.68114
866		-46		-91		1.6876
1087		339		16504		1.69438
-75		-53		16157		1.71598
-38		530		15963		1.7226
1104		-43		17448		1.729
-93		-96		-86		1.73537
1027		769		16463		1.74212
790		-5		16470		1.74858
597		311		-78		1.75489
-41		573		16155		1.76108
1050		-120		16506		1.76736
-108		-105		-49		1.77374
632		272		-57		1.78035
787		370		-44		1.78685
-53		272		-6		1.79313
-82		351		-118		1.79961
-118		564		17243		1.80645
-108		554		-69		1.81281
-45		534		-85		1.81901
-9		592		-60		1.82558
-58		-75		16752		1.83192
814		-9		16679		1.83832
-68		769		-92		1.84475
-26		-86		15719		1.85121
882		514		16492		1.8577
-29		33		-94		1.86427
-36		-52		16502		1.87075
1112		291		16173		1.87688
853		-1		-51		1.88331
1124		552		16169		1.88975
1120		-118		-101		1.89612
803		-57		16414		1.90259
-4		-89		16492		1.90902
842		-82		-8		1.91549
-51		587		16149		1.9222
-118		589		16200		1.9287
-82		-33		16977		1.93481
528		-118		16662		1.94106
-45		612		-27		1.94744
619		343		15879		1.95391
-29		597		-104		1.96048
618		-122		16750		1.96679
-122		618		16764		1.97326
790		-125		16386		1.97983
-92		331		16711		1.98633
-65		379		-121		1.99303
-38		89		-61		2.01478
-77		539		16412		2.02135
-36		270		15887		2.02753
-120		290		15972		2.03407
834		606		-100		2.04091
871		351		-65		2.04995
-54		379		17511		2.05609
-86		-1		17244		2.06234
804		-85		16655		2.06869
-66		-33		16640		2.07529
-43		-42		-40		2.08156
1309		23		16196		2.08787
1148		369		16726		2.09426
806		513		16455		2.10087
-1		564		16642		2.10738
-97		-88		15681		2.11372
-64		-26		-1		2.11986
-45		-18		-64		2.12622
-16		562		17258		2.13277
808		566		17162		2.13922
-59		-9		16763		2.14557
820		286		-62		2.15217
-111		-16		-124		2.15846
-80		365		16460		2.16503
-85		-40		17533		2.1717
518		296		16989		2.19297
872		-116		-44		2.1997
-92		-81		-53		2.20596
-21		277		16448		2.2126
795		-56		16904		2.21912
-115		-54		-74		2.22584
535		282		-70		2.23208
883		335		-80		2.23828
829		576		-87		2.24525
626		-53		-84		2.25175
773		335		17444		2.25814
-77		-28		16490		2.26459
1054		328		-12		2.27103
-46		570		-92		2.27751
-16		-89		-9		2.28412
810		-36		-27		2.29053
-88		-97		16385		2.29673
-20		-65		15983		2.30308
-109		-13		16647		2.31011
-65		-100		-113		2.31658
1571		588		-8		2.33321
1588		-74		-46		2.33959
1054		-92		16663		2.34597
828		383		17264		2.35247
-3		-29		16732		2.35891
1325		304		-107		2.36534
1327		612		17511		2.37201
1827		628		-90		2.3784
1287		567		15926		2.38483
-115		-105		16241		2.39172
-126		-100		16198		2.39796
1563		119		15916		2.40455
1592		50		-4		2.4152
-64		300		17260		2.42163
1288		-24		-28		2.428
-96		548		-14		2.43976
1627		-30		17189		2.44611
-120		326		17179		2.45254
-69		341		17456		2.45907
1847		-13		-78		2.46557
1332		-85		16502		2.47211
1123		-8		-83		2.47837
-61		383		16672		2.48508
1646		-96		17673		2.49163
1644		25		-96		2.49929
1882		-42		16713		2.50563
-70		-49		-110		2.51215
-12		-16		16754		2.51842
1365		600		16410		2.52488
-40		600		16719		2.53127
-80		279		-35		2.53763
2107		-66		16986		2.5441
2054		-83		-19		2.55428
-46		591		16746		2.56062
-52		602		16171		2.56701
1362		-45		16508		2.57341
1286		-74		17276		2.57987
2384		-118		16651		2.58622
-128		371		-47		2.59278
2363		-116		16181		2.59912
-4		630		-52		2.60549
-6		-56		15964		2.61238
1360		-102		-83		2.6188
-100		23		-97		2.62518
2078		-22		-47		2.63155
2593		-77		-96		2.63841
-105		866		16936		2.64515
1919		538		17268		2.65209
-50		-4		-68		2.65844
1387		351		17228		2.665
1804		-126		-31		2.67224
-111		523		16431		2.67973
2855		882		16460		2.68726
2050		-69		16197		2.69657
1793		-74		17408		2.70392
1591		339		-113		2.71031
-92		-32		16213		2.71677
2419		359		16487		2.72317
2672		876		16764		2.72968
2650		862		16993		2.73606
-109		-128		15917		2.74237
-79		536		-40		2.74876
-56		262		-35		2.75506
2326		-16		17514		2.76208
2681		366		-97		2.76877
-38		-15		16685		2.77511
2568		-117		-44		2.78161
1877		586		16903		2.78831
-48		-20		-15		2.79481
-21		71		16716		2.80127
2353		79		16464		2.80771
-25		275		16949		2.81415
-29		-7		16509		2.82138
2125		798		16252		2.82842
1816		-77		16232		2.83548
2418		83		16941		2.84266
2102		65		-31		2.84901
-91		555		-81		2.85866
2399		-35		-24		2.86527
-68		1051		-98		2.87155
-101		-61		16945		2.87809
2154		-92		-32		2.88476
2168		-103		-51		2.8915
2652		-109		16219		2.89811
-10		1131		-96		2.90462
3143		-80		-43		2.91123
2054		824		-74		2.91802
-11		-59		-47		2.92437
2562		86		16672		2.9311
3148		-33		-84		2.93751
2577		-69		-59		2.94395
-109		1079		16488		2.95027
2676		-25		17163		2.95669
-97		514		17156		2.96401
-58		-43		-40		2.97282
2896		283		16242		2.98
-38		-73		16445		2.98648
3074		-81		-122		2.99368
-73		-26		16701		3.00025
-25		347		16484		3.01047
-112		50		-69		3.01679
3355		-34		16699		3.02327
2347		-58		-65		3.0296
-17		891		-52		3.0361
-13		-111		15669		3.04268
2564		22		16906		3.04921
2844		-74		16651		3.05548
2659		-48		16132		3.06189
-6		-62		-70		3.06837
2819		-88		-15		3.07467
-96		1100		-81		3.08122
-21		-28		16675		3.08781
3114		-6		-112		3.09407
2837		-22		16672		3.10791
-16		-100		16438		3.12364
2624		110		17524		3.13029
-59		-20		17007		3.13648
-99		-99		-29		3.14304
-90		810		17215		3.14977
3102		-56		16648		3.15613
-42		82		16727		3.18236
2908		806		-63		3.18875
2650		-48		-52		3.19543
-41		-28		16728		3.20178
-34		86		-27		3.21192
3179		-138		-23		3.21828
2667		14		-127		3.22474
-3		775		-72		3.23102
3098		-38		16400		3.23751
3086		-1		-111		3.24378
2890		-33		16194		3.25014
2936		-73		15986		3.25675
-54		-125		16423		3.26353
3191		-72		-95		3.26987
2650		-108		-9		3.27618
2844		1130		16929		3.2827
2854		771		-85		3.28937
3187		-56		15924		3.29564
2860		107		-97		3.30199
2683		336		-65		3.30846
3082		-56		15906		3.31486
-20		-116		15993		3.32134
3112		-18		16929		3.3279
2863		-98		17194		3.33404
2854		50		-92		3.34038
-102		-11		16478		3.34665
2603		-120		-100		3.35304
2402		-124		16907		3.35943
-4		600		-57		3.36586
-27		324		-10		3.37203
2897		0		-89		3.37864
-30		-32		16976		3.3852
2675		-62		15945		3.39184
2915		58		16687		3.41253
2926		-72		16137		3.41919
2882		-6		-21		3.42553
2863		341		-91		3.43189
-72		-37		-89		3.43838
-125		800		-21		3.44504
-61		102		15633		3.45128
-104		18		-43		3.4575
-84		109		-65		3.46388
-117		370		-116		3.47039
2867		382		16474		3.4771
-42		812		15909		3.48338
3629		-53		-115		3.48972
3345		540		-51		3.49618
3163		270		-48		3.50275
-124		524		-81		3.5093
-38		786		15668		3.51558
-65		-59		15879		3.52168
3078		-118		16161		3.52811
2625		323		16394		3.53451
3120		271		-125		3.54094
2862		-83		-103		3.54734
-53		876		-65		3.55367
-108		-81		15924		3.56013
3175		58		16189		3.56675
-32		261		-127		3.57342
3336		373		-44		3.57971
-123		-21		15963		3.58596
-1		550		17248		3.59234
-58		890		-33		3.59888
2870		-63		16480		3.60536
2907		315		-82		3.61175
2595		604		16475		3.61815
-38		-99		17023		3.62434
-73		-98		17216		3.63084
-96		-25		-68		3.63738
2926		78		17178		3.64769
-20		42		16494		3.65403
-51		-41		-127		3.66043
3183		-38		-63		3.66685
3197		-105		-118		3.67321
-67		72		-78		3.67976
2560		354		16502		3.68592
3139		111		-124		3.69251
-24		-98		16668		3.69921
-101		-156		-53		3.70561
-97		610		-28		3.73142
-101		558		-24		3.73793
3438		-59		15487		3.74453
-33		35		-12		3.75083
3668		-126		15719		3.77747
3636		317		-11		3.78379
-126		-98		-104		3.79049
-58		76		16176		3.79716
3196		358		15937		3.81852
2860		-186		-128		3.82502
-66		314		-41		3.83159
-45		-113		-67		3.83796
4167		-66		16189		3.84452
-120		818		-6		3.85104
3862		-94		15632		3.85759
3404		379		16422		3.86377
-42		-100		-40		3.87006
-126		1130		-124		3.8764
-96		-91		16427		3.88282
4120		-95		15457		3.88943
-77		-248		17203		3.89581
-128		616		-63		3.90217
-99		60		-76		3.90863
3639		780		15637		3.91512
-8		-56		-4		3.92138
-40		307		15694		3.92774
3443		-106		16947		3.93427
2850		-63		17162		3.94067
-38		34		16951		3.94712
-44		78		15986		3.95353
3354		627		-28		3.95981
2835		-78		16697		3.96624
-115		-122		16192		3.97279
2856		320		15932		3.97916
3403		547		15413		3.98545
-117		567		15117		3.99173
-51		99		17163		3.99813
2912		552		16913		4.0046
3103		-51		-1		4.01091
2887		860		16664		4.01734
-24		263		-101		4.02381
3610		803		-35		4.03034
3114		-91		-70		4.03676
3438		-112		16727		4.04337
3341		-36		16436		4.04956
3584		113		-35		4.05597
-51		555		16758		4.06247
-53		518		-121		4.07001
-25		-118		17252		4.07647
3371		-48		-90		4.08296
3965		35		-51		4.08909
-119		278		15933		4.09541
3957		115		16933		4.10169
-56		-36		-84		4.10796
3613		604		16739		4.13013
-45		-3		16136		4.13671
-102		-72		-52		4.14307
2876		599		-15		4.14951
-95		820		15999		4.15592
-74		-13		-68		4.16259
3385		808		15965		4.16886
2684		330		-115		4.17503
2903		-101		16653		4.18137
-35		-77		16996		4.18779
2349		608		-95		4.19435
-102		600		-1		4.20086
-56		627		-60		4.20722
-128		360		16502		4.21377
3163		-49		-39		4.22027
-58		-65		-40		4.2267
-13		59		16220		4.23281
2870		294		-73		4.23916
2910		369		-47		4.24566
-85		-125		-3		4.25213
-41		-10		16144		4.25858
2683		-22		16683		4.26489
-69		302		-86		4.27115
-105		106		-101		4.27762
-120		-114		17744		4.28422
-9		-63		16969		4.29547
-86		-92		-104		4.30178
2571		-26		16415		4.3081
-65		-16		-44		4.31443
-121		-18		17441		4.32077
2069		-83		-64		4.32743
-48		-96		-116		4.33365
-32		-95		-51		4.34006
2307		-77		16180		4.34657
2107		534		16407		4.35285
-95		576		16680		4.36082
2317		343		-124		4.36729
-54		515		-53		4.37361
-125		-122		17249		4.37995
2100		-52		16924		4.38633
-97		597		17016		4.3926
2394		-125		-61		4.39899
-25		578		16418		4.4054
2633		122		-57		4.41189
2135		-8		-105		4.41833
1795		-105		16479		4.42453
-92		-24		15887		4.43102
1917		322		-67		4.45514
1814		543		16184		4.4618
2826		328		16439		4.46825
-45		612		-35		4.47462
-88		-86		17778		4.48113
-92		-53		-127		4.48771
-95		575		-61		4.49707
-82		775		15974		4.5034
2063		1127		16689		4.50973
-20		1043		16248		4.51659
2074		31		-44		4.52314
1586		799		-39		4.52952
2373		-104		16712		4.53589
2054		-113		-122		4.54245
1834		332		16511		4.54917
1835		604		16977		4.55549
2416		607		16386		4.56178
2588		-121		-113		4.56824
1661		-13		-62		4.57554
-80		-78		16725		4.58746
-93		616		-53		4.59376
-51		-37		16715		4.60024
-81		-79		17689		4.60696
-74		-30		-35		4.61347
2134		-85		15964		4.61994
-24		369		-67		4.62647
-70		358		17188		4.63293
1647		280		16656		4.63926
1386		-127		-111		4.64568
2091		330		-45		4.65208
-49		-3		-111		4.65838
2074		-93		17207		4.6648
-49		322		16719		4.67122
-44		-37		16164		4.68064
-66		-75		16403		4.68717
-118		-122		16747		4.6935
1297		606		-4		4.71
-100		637		16215		4.71628
-12		-86		-117		4.7228
1631		775		16648		4.72944
1658		258		-82		4.73623
1659		-82		-23		4.74278
1873		336		-91		4.74943
-58		-113		-85		4.7558
834		-70		16908		4.76209
1394		-33		-8		4.76847
-69		111		-41		4.7748
1295		99		-46		4.78107
-27		382		16208		4.7872
-49		-18		17435		4.79471
634		312		-127		4.80112
1109		98		-52		4.80775
-40		366		16912		4.8141
-115		-112		-5		4.82925
-53		-24		-39		4.83575
-79		-24		16750		4.84218
-115		-183		15922		4.84869
-8		-69		16490		4.85499
1373		-139		-37		4.86164
1361		311		17012		4.86822
-114		-10		15910		4.87451
1377		342		17245		4.88081
866		-63		17410		4.88742
-3		-32		15661		4.89635
1571		-50		-60		4.90274
1332		101		-128		4.90936
-25		-89		-31		4.91572
-77		-114		-57		4.92197
-70		514		-88		4.92836
-4		540		16221		4.93471
-21		599		16463		4.95426
-30		303		16662		4.96986
839		-63		16508		4.97633
-21		-75		15945		4.98316
1383		-116		15977		4.98936
-29		-74		-70		4.99606
-28		-12		-25		5.0046
-110		264		-96		5.01124
-104		316		17228		5.02745
538		-61		-63		5.03417
-85		27		-69		5.04058
-56		526		16923		5.04728
589		45		17495		5.05386
786		-460		-121		5.06053
791		-55		17492		5.06665
-8		-105		17465		5.07281
1138		-94		-32		5.07932
-5		-101		16676		5.08595
-106		-56		-31		5.09226
1377		-48		16221		5.09873
-6		792		16235		5.10507
836		589		-99		5.11143
-56		-65		-91		5.11797
1290		379		17191		5.12462
-24		624		-7		5.13075
1382		-56		-111		5.13699
-8		-45		-80		5.14364
-117		-122		-124		5.14994
1373		1293		-61		5.15621
-115		1054		-31		5.1627
779		-108		-86		5.16902
589		-73		16495		5.1756
1343		-120		16458		5.18244
-126		-62		-103		5.18877
1306		-73		16660		5.19494
-92		-38		16687		5.20138
-13		-59		-103		5.20813
1902		-25		16387		5.21473
-99		22		-6		5.22107
-50		-430		-71		5.22746
1080		-47		17003		5.2337
-85		-500		-104		5.24017
1554		-161		17203		5.24684
1319		-238		-37		5.25527
1116		-80		16759		5.2616
-49		-135		16684		5.26805
1297		-49		17667		5.27449
-78		-123		-102		5.28081
-21		589		16765		5.28728
892		587		15900		5.29347
1067		-120		-91		5.29985
1650		1080		16689		5.30659
-109		-22		16164		5.3131
-70		-78		15938		5.33643
-96		-73		-3		5.3428
-3		829		-115		5.34896
1090		-96		-127		5.35558
-94		-69		16703		5.36234
1118		-69		-72		5.37405
-59		-95		16660		5.38038
-47		-69		-53		5.38681
-9		120		16184		5.39321
-25		-223		-7		5.39945
1818		-43		17249		5.40583
-54		27		16736		5.41228
-122		-8		-5		5.41883
1045		-50		-49		5.42567
-127		-14		-97		5.44735
1567		-26		-12		5.45374
1383		25		-107		5.4602
1085		-86		-116		5.46659
-36		-33		-58		5.47312
-62		-52		-57		5.47973
1114		820		-100		5.48607
1324		375		16450		5.49223
-114		871		16907		5.49864
1048		620		16667		5.50505
800		827		16957		5.51139
-13		782		-15		5.5177
-65		-74		15983		5.52423
-44		822		-107		5.53067
1047		-6		-92		5.53704
-42		371		16387		5.54383
1406		-93		16186		5.54994
-102		-63		-108		5.55662
-14		-6		16476		5.5631
-13		-70		-119		5.56946
-24		82		-67		5.57588
-126		-72		-104		5.58219
-52		282		15967		5.58845
1078		25		-9		5.59483
1307		-128		16250		5.60132
1644		598		17227		5.61265
1047		-79		16507		5.61934
-56		-58		-85		5.62632
-56		-100		17248		5.63279
1083		355		16675		5.63917
-128		-8		-21		5.64572
-77		302		-40		5.65212
1398		-45		15872		5.65833
-43		533		16482		5.66472
1402		533		15952		5.67117
-24		296		17729		5.67767
1407		602		-19		5.7035
1050		63		-52		5.70981
-75		-120		-108		5.71629
1619		-100		16675		5.72298
1292		46		-52		5.72965
1403		-112		-25		5.7437
-101		111		-99		5.75046
1344		-88		-121		5.75692
-44		-22		16141		5.76348
1795		-118		-47		5.76972
1335		360		16668		5.77596
1135		322		16668		5.78244
637		-50		-78		5.78897
-122		552		-94		5.79562
1574		-73		-20		5.817
1643		-52		16193		5.82341
-57		-38		-95		5.82971
-34		-13		15413		5.83612
1365		829		15881		5.84288
-64		-25		15970		5.84949
-28		-1		-104		5.85623
827		773		-27		5.86287
859		118		16400		5.86946
800		-12		16410		5.87594
-112		591		15669		5.88234
-109		570		-55		5.88876
1280		35		-15		5.89524
568		258		-38		5.90149
836		103		16735		5.9079
-84		-70		16717		5.9143
-19		33		-69		5.92094
-62		-67		16688		5.92721
-70		-118		-45		5.93502
-61		379		-81		5.95582
1064		-96		16923		5.96235
1050		-112		17204		5.96901
1038		339		16422		5.97525
-26		-58		-92		5.98146
794		-128		15639		5.98795
1547		-105		-81		5.99471
-26		892		-74		6.022
-115		586		16972		6.02828
-98		-118		16399		6.0351
828		342		16682		6.04197
1112		-82		-3		6.05234
-115		35		-40		6.05876
-65		-105		16456		6.06523
-10		-66		-61		6.07178
-48		-98		17212		6.07862
795		357		17516		6.08507
-85		9		-8		6.09142
-31		-96		16948		6.09778
1144		548		17273		6.10441
-101		-101		-99		6.11095
-38		2		-110		6.11723
-108		-56		-127		6.12349
1280		45		-44		6.12986
-85		-26		16395		6.13625
575		-75		-90		6.14277
603		-62		16898		6.14909
-101		870		15623		6.1554
-96		-124		16483		6.16176
572		1353		15716		6.16832
-97		795		-40		6.1749
-102		-38		-1		6.18619
1045		-102		16415		6.19292
-16		376		17184		6.19934
317		-122		16133		6.20579
582		-18		16699		6.21206
810		1092		-41		6.21835
-70		-18		-12		6.22475
-74		-25		-13		6.2311
884		-127		17469		6.23767
-69		769		-42		6.244
848		517		-61		6.26524
1047		350		-32		6.27166
-108		-63		-15		6.27797
-57		-122		18264		6.28451
-75		-125		-4		6.29102
-96		-56		-42		6.29791
884		895		-84		6.30478
848		-52		15957		6.31103
-1		786		16424		6.31736
845		858		15944		6.32398
1074		-109		-94		6.33042
887		277		16141		6.33688
1128		311		-83		6.34333
-96		-26		16469		6.34947
-32		-31		16244		6.35586
542		343		16178		6.36242
882		-100		-56		6.36882
854		-40		15717		6.37508
-95		-78		17754		6.38131
295		-65		16987		6.38768
-116		-31		-92		6.39427
536		-253		16182		6.40072
612		341		-14		6.40761
-91		-165		16667		6.41407
812		-200		-91		6.42032
-106		355		16924		6.42677
784		639		17205		6.43331
796		-84		-128		6.43967
-89		584		-116		6.46637
778		-14		-19		6.47296
-88		-176		15920		6.47933
-54		-99		-68		6.48574
592		584		16483		6.5127
-124		283		-37		6.51967
845		-68		-80		6.52597
796		86		16470		6.53233
-91		-78		-111		6.53905
1142		13		-90		6.56089
-17		-48		-71		6.56724
634		127		17201		6.57386
-108		-38		-31		6.58023
-122		303		-31		6.58669
-94		-68		-99		6.59339
-60		-57		16165		6.59989
598		-102		16196		6.60603
555		-102		-12		6.61237
-16		-117		-5		6.61863
-12		575		-54		6.62567
-113		-82		-42		6.63218
879		-167		16663		6.63863
831		-405		-73		6.64503
-105		259		15889		6.65139
-74		-125		16685		6.65802
332		-21		16209		6.66441
336		-9		16660		6.6707
818		119		15942		6.67686
-42		-66		15897		6.68325
792		863		16731		6.68977
-79		-89		17244		6.69626
322		362		17428		6.7027
-20		859		-116		6.7091
-89		-75		16233		6.71543
787		-119		-12		6.72196
-65		378		-36		6.72868
-16		570		16244		6.73538
-53		-61		-44		6.74192
599		-100		16693		6.74817
-54		322		-22		6.75458
782		615		16490		6.76101
1134		575		-121		6.76755
-111		-102		-121		6.77386
-69		-86		16467		6.78018
-120		60		-48		6.7866
-60		-118		17452		6.79308
-96		-54		17178		6.79959
1066		-115		17276		6.82573
522		-26		16728		6.83209
799		-72		16716		6.83851
856		378		15953		6.84545
-61		-33		16683		6.85179
780		-117		16915		6.86069
379		66		15919		6.86738
-6		566		-56		6.87398
-99		-56		-114		6.88049
-13		-9		16171		6.88694
-9		-107		-62		6.89345
-40		-102		15899		6.89969
775		-53		16767		6.90613
-28		382		-73		6.91272
798		267		-3		6.91927
612		-416		16447		6.92538
860		-110		-60		6.93161
-115		-198		-12		6.93866
859		-256		-40		6.94499
603		-98		-115		6.95162
-93		7		17160		6.97005
362		-72		-19		6.97647
-20		-51		-27		6.98278
-101		304		17007		6.98916
-96		-82		-80		6.99541
303		622		-28		7.00207
-151		-17		-91		7.00876
-256		559		-94		7.0152
-68		-49		15444		7.02149
-180		515		16677		7.02792
-132		543		15953		7.0342
-79		579		-8		7.04569
843		294		-77		7.05205
-20		573		-82		7.05844
880		614		17233		7.06538
1092		616		16225		7.07375
880		365		-60		7.08049
556		333		17789		7.08676
558		261		17165		7.09312
-104		-203		17481		7.10169
345		-180		-126		7.10807
-61		-37		17523		7.11437
819		-86		16989		7.12068
-106		-138		16387		7.1271
-16		90		15919		7.13363
1109		-128		-69		7.14022
1062		-12		17216		7.1465
531		-5		16959		7.15311
-48		-100		17424		7.15972
533		379		-88		7.16595
264		634		16982		7.17217
-118		-116		17490		7.17844
-178		-120		16474		7.18483
-106		310		-46		7.19111
637		542		-107		7.19778
-88		615		-120		7.20416
892		-118		15875		7.21045
111		50		-60		7.21693
-123		263		-39		7.22326
50		-168		16212		7.22963
-30		55		16508		7.23589
-86		-128		-60		7.24239
554		19		-115		7.26014
1402		-50		17005		7.26655
1373		589		17004		7.27285
-92		-135		-67		7.27952
-91		-104		15926		7.286
604		-96		16242		7.29256
-122		-72		-31		7.29895
-28		120		-33		7.30553
101		-131		-76		7.31191
-118		-61		16410		7.31815
-126		-122		-126		7.32441
804		769		16945		7.33071
612		886		-97		7.33711
-66		-83		-83		7.34352
602		835		15933		7.34993
-62		589		-67		7.36138
351		798		16752		7.36766
39		-42		16476		7.37393
-82		540		-116		7.38026
-89		614		-64		7.38659
-25		-50		16455		7.39306
-105		-9		-80		7.39963
-50		806		-76		7.40586
45		816		16459		7.41229
-68		-22		-12		7.4205
382		1116		16412		7.42691
-67		-69		-25		7.43322
-256		554		16972		7.43964
-216		117		-51		7.44588
315		-7		16947		7.45227
-21		324		-78		7.45852
-121		-45		-103		7.46522
1087		-75		-91		7.47139
-46		-112		-92		7.47775
-54		110		16922		7.4842
-62		-117		17788		7.4905
70		-103		17232		7.49674
82		56		-24		7.50316
-12		-122		-22		7.51362
-48		-14		18237		7.5201
-42		562		16922		7.52645
-220		336		18436		7.53276
369		634		15880		7.53948
-191		-127		16650		7.54577
25		-73		-61		7.55228
335		552		-65		7.55886
69		-34		15875		7.56538
-61		-4		16652		7.58884
-233		539		16140		7.59525
-4		871		-104		7.60172
-60		103		16643		7.60812
-203		312		-36		7.61458
-434		-108		-35		7.62106
-209		-72		-91		7.63203
-212		550		-5		7.63836
-120		606		-56		7.64484
-14		587		16669		7.65121
-31		-106		-47		7.65759
-212		367		-95		7.66384
-94		274		-63		7.6703
56		-1		-41		7.67673
-127		327		-51		7.6834
-99		-73		16642		7.69416
-63		91		15717		7.70056
-399		1030		15720		7.70692
-39		51		16945		7.71332
-245		-89		15649		7.71984
-34		22		15877		7.72602
90		530		15880		7.73257
-218		-93		15965		7.73908
-64		-79		-20		7.74835
-11		-74		-42		7.75466
-63		-66		-69		7.76118
-659		55		16244		7.76757
-38		275		16439		7.77408
5		303		-91		7.78049
-465		-46		-100		7.78671
5		-68		15149		7.79303
-7		-77		-84		7.79971
-128		1099		16196		7.80639
-719		111		17181		7.83207
-660		-48		17523		7.83842
-208		-49		-38		7.84491
-686		-57		17195		7.8515
-28		40		18812		7.8578
-421		611		17977		7.88342
-33		-63		18733		7.88971
-489		308		19251		7.89626
-730		860		17709		7.90285
-695		-12		18289		7.91274
-672		893		-119		7.91908
-399		856		19479		7.92547
-401		1105		18761		7.93176
106		-57		19012		7.93814
-99		-125		17985		7.94444
-688		-36		17784		7.95094
-31		-104		-64		7.96139
-119		-43		-20		7.96794
-145		-12		-41		7.97414
-55		1650		-112		7.9803
-928		1858		15924		7.98661
-55		1597		-48		7.99318
-101		-13		-124		7.99956
-73		1336		15181		8.00591
-690		-65		-36		8.01219
-759		-118		16973		8.01864
-84		-37		15660		8.02519
-690		1087		15899		8.0317
-925		335		-124		8.04261
-395		792		14624		8.04903
-1216		114		-97		8.05545
-90		-104		-19		8.06196
-1176		-14		-53		8.06845
-3		-121		-68		8.0746
-123		-256		-79		8.08114
-37		-16		14868		8.08772
-75		-391		14901		8.09416
-690		-671		14360		8.12017
-969		-756		13131		8.12653
-997		-10		-36		8.13303
-49		-1269		13650		8.13965
-968		-909		-68		8.14605
-949		-676		13923		8.17094
-67		323		11893		8.17724
-953		-238		13060		8.18386
-55		18		-76		8.19061
-204		-44		13325		8.19701
-7		3		12362		8.20334
-957		-447		-27		8.20984
-14		-410		12638		8.21627
-138		-93		13924		8.22264
-195		-100		13148		8.22917
303		542		13601		8.23552
-10		71		12828		8.24183
310		21		-76		8.24837
-120		-102		-27		8.25484
-120		803		-127		8.26128
-660		345		13859		8.26744
-25		-20		16210		8.27372
-1		-23		-101		8.2803
-1216		-26		-49		8.28667
-1443		-657		-64		8.29305
-1962		-90		19456		8.29938
-71		-1208		-15		8.30569
-39		-147		18962		8.31234
-99		-68		21012		8.31879
-132		-120		20016		8.32524
1047		-109		-75		8.3316
-121		1062		-18		8.33797
630		-5		-16		8.34435
603		-37		-116		8.35084
-111		2166		-28		8.35728
-927		-67		-11		8.36362
-1531		-97		-19		8.37006
-26		-91		19812		8.37647
-1675		-62		22055		8.38317
-86		3643		22376		8.38961
-416		3912		22302		8.39574
-1		3338		-84		8.40237
570		-95		-58		8.40884
-38		-111		23841		8.41521
-52		3446		-48		8.42161
-8		-32		-120		8.428
-40		-84		-95		8.43434
-26		1818		-79		8.44072
-60		-58		-106		8.44731
-206		-65		-112		8.45408
-85		-101		21273		8.47917
-8		2396		-124		8.4855
-101		1128		-4		8.49192
-112		-128		17535		8.49826
-976		-111		-67		8.5048
-1460		-96		-120		8.5181
-53		1840		-96		8.52463
1084		-1		17956		8.53207
-113		-30		-36		8.53862
634		-28		-123		8.54519
300		-51		-95		8.55172
-229		257		17169		8.55791
-114		-36		16765		8.56429
-1447		-17		-32		8.58986
-1508		-90		-128		8.59646
-691		-88		15980		8.60294
-725		-46		15889		8.60966
286		1399		-53		8.61875
367		1639		-79		8.62508
19		1084		16474		8.63168
-690		-34		-40		8.63804
-1243		-128		-28		8.64438
-41		378		-6		8.65066
-1434		-740		-123		8.65701
-1223		63		-105		8.66352
-440		-121		15379		8.67013
291		1096		-116		8.67649
341		798		-77		8.6826
-67		1292		-17		8.6889
-78		-73		-7		8.69523
567		355		-7		8.70173
-100		616		-19		8.7081
-105		380		15919		8.71447
-125		75		15704		8.72088
-56		117		15119		8.72746
-48		373		-104		8.73405
-128		1386		14160		8.75862
353		-49		13324		8.76524
-53		845		-54		8.77156
49		-83		-32		8.77835
-65		358		13433		8.78481
-48		-148		-52		8.80655
-100		-430		-19		8.81308
-88		-438		15621		8.8195
-113		-97		15396		8.82591
864		-73		15396		8.83232
-92		-83		15957		8.83904
373		-720		-75		8.84529
608		-81		15905		8.85155
-416		-448		-32		8.85809
-164		-707		-62		8.8644
-160		-64		16418		8.87068
-202		-644		-38		8.87722
-72		-414		16236		8.8838
-115		-10		15977		8.89014
-91		-114		17521		8.89661
584		296		16185		8.9032
-37		-51		-44		8.90983
842		868		15673		8.91631
-9		319		15926		8.93149
531		566		16959		8.93796
330		524		-112		8.94428
-88		-1		-57		8.95064
868		847		16913		8.95703
-79		-106		-106		8.9635
1632		-118		-117		8.97006
-57		-76		-6		8.97637
-62		1080		16418		8.98269
-104		860		-127		9.00623
-52		-69		-70		9.01261
1835		-97		17957		9.01896
1806		-72		17412		9.02522
2326		884		-124		9.03185
-11		-9		18468		9.03856
-58		-82		16988		9.04803
-41		-5		17789		9.05441
2389		-118		16255		9.06092
-88		-113		16906		9.06738
1908		-78		-95		9.0738
-73		-77		-38		9.08018
1848		1040		17529		9.08662
-45		1386		-124		9.09319
1110		589		18013		9.09983
1312		-98		-33		9.1061
1574		-61		18233		9.11224
2139		1551		18044		9.11881
-124		-38		18432		9.12527
-83		-22		-41		9.13175
1851		-126		18813		9.13818
-126		-116		18204		9.14445
1323		-35		-99		9.15085
-42		-128		-33		9.15769
1130		786		-78		9.16421
1650		1808		-73		9.1869
-38		-61		-19		9.19354
-126		1602		17435		9.2
-74		-91		-99		9.20668
2369		-34		-103		9.21319
-66		1611		15694		9.21979
1853		1592		-94		9.2262
-49		1597		15450		9.23255
2563		-44		15885		9.23896
2158		-100		-67		9.24951
2140		-25		-83		9.25587
-104		859		15703		9.26232
-101		-26		-6		9.26873
-78		-92		16131		9.27526
-21		-41		16472		9.28167
-88		-82		-92		9.28811
-44		-10		-116		9.29472
2903		101		15924		9.30157
2883		-131		16157		9.30789
-52		-106		-107		9.31426
-15		-434		-125		9.32062
2404		39		16906		9.32715
-3		-20		15722		9.3336
2927		769		-24		9.34571
-12		804		-16		9.35198
-82		790		-71		9.35868
-82		599		-23		9.36514
2064		559		15637		9.37149
-97		-26		16133		9.3779
-108		586		-13		9.38431
2125		307		16945		9.39064
1820		-112		-56		9.39694
-63		288		-12		9.40326
-12		635		-30		9.40979
1896		628		15709		9.41654
2620		-128		15149		9.42293
2328		-59		-19		9.42919
-69		279		15447		9.43761
-121		-183		14937		9.44401
2596		59		-16		9.4658
2922		115		-69		9.47229
2317		288		14442		9.4789
-41		-121		14900		9.48523
-95		-45		14181		9.49158
2914		366		15120		9.49808
-5		-222		-86		9.50478
3197		-244		15380		9.52619
-21		-168		-13		9.53274
2886		369		-104		9.53937
2589		355		-104		9.54567
2588		351		-94		9.55206
-62		-88		-13		9.55857
2403		-111		-117		9.56521
2351		38		14679		9.57139
-35		-95		16700		9.57781
1578		-76		-90		9.58417
1378		-1476		19984		9.59061
1047		-755		-40		9.59714
-36		-99		-117		9.60357
-126		-36		-98		9.61029
1663		-147		-91		9.61681
2131		9		19469		9.62327
-7		-102		-19		9.62987
-64		1384		-40		9.63607
1032		-86		18256		9.64235
844		1919		-69		9.64924
891		-37		-108		9.6556
1047		-117		-48		9.66207
1604		-108		18476		9.66854
2343		3074		16956		9.67483
-26		2934		-53		9.68123
-93		-81		15711		9.68792
1636		4123		15484		9.69433
-76		-72		-79		9.70069
2133		-93		15416		9.70849
1655		2341		-77		9.71484
2158		-12		-56		9.72711
2916		-30		17535		9.73353
-58		-86		16496		9.74008
2377		588		15917		9.74655
-112		-82		15640		9.75304
2341		1034		-86		9.75951
2560		-104		15711		9.76585
2361		-81		16253		9.77247
-128		-99		17004		9.77904
3924		270		-4		9.78547
3183		-112		-63		9.79182
-58		-21		18471		9.79821
1903		-404		18216		9.80461
1656		-108		-8		9.81793
-13		-61		-6		9.8244
2083		875		18688		9.83078
-82		-86		-97		9.83733
-60		-29		18434		9.8479
-53		-66		-8		9.85429
2323		-20		18267		9.86075
2380		1103		19312		9.86734
-46		-26		-4		9.87369
-73		-59		-71		9.88007
563		-53		-32		9.88643
-42		-54		-16		9.89278
1367		1844		19288		9.89937
1115		2365		16957		9.90585
-34		-105		17758		9.91206
2308		2380		-77		9.91868
-97		-21		-65		9.92704
3352		2575		18237		9.93339
-51		-11		-48		9.93984
-100		-76		16440		9.94629
-78		2396		-72		9.95267
2910		2321		-80		9.9591
3376		-104		15111		9.96528
2893		-11		-36		9.97169
3408		2406		-62		9.97834
-126		2316		13415		9.98472
-82		-104		-53		9.99606
2364		-88		13408		10.0066
-86		848		14408		10.013
2615		-125		-6		10.0195
-123		-206		-85		10.026
-52		-449		16475		10.0322
2087		-1216		15919		10.039
2595		-415		15185		10.0454
1850		-128		15875		10.0518
1109		-1923		16504		10.0774
812		-3		-127		10.0838
332		-115		14940		10.0904
102		-101		-123		10.0985
628		-505		15475		10.1051
124		-1001		-76		10.1284
779		-106		-96		10.1349
-32		-64		-105		10.1412
1085		-85		15677		10.1477
542		-72		15466		10.1545
598		-149		-123		10.1609
306		-82		-93		10.1672
371		-93		-128		10.1737
580		-117		16494		10.1801
-50		-20		-112		10.1868
-115		514		15471		10.1931
2365		636		16902		10.1997
1626		-156		-70		10.2062
-82		315		17203		10.2127
1398		-95		-92		10.2193
-84		-33		-100		10.2257
2082		257		-99		10.2318
-27		65		-82		10.2382
-101		-100		-77		10.2446
-97		55		-64		10.251
1864		-124		-110		10.2573
-16		1566		16976		10.2637
-111		-12		-51		10.2702
2591		-108		-14		10.2766
3164		-19		-89		10.2832
-72		-42		-40		10.2897
-118		-32		-58		10.2959
1846		-96		-47		10.3022
-124		792		15883		10.3087
2587		1399		14937		10.3152
2086		1800		-26		10.3216
2406		-29		16511		10.3279
-34		840		-62		10.3342
3331		1397		-124		10.3407
2824		1403		17981		10.3474
-79		-86		16683		10.354
2172		855		-128		10.3784
-20		-126		-38		10.3848
1813		-77		17204		10.3913
-62		-45		-79		10.3979
2871		-49		-85		10.4045
2823		1595		-47		10.4111
-56		834		18772		10.4174
2848		1120		-4		10.4253
-105		1088		17152		10.4468
1853		1584		15880		10.4532
-4		1826		-70		10.4597
2832		1859		-91		10.4662
2317		-58		16646		10.4728
3368		1558		-28		10.4797
2641		1656		16237		10.486
2138		1910		15897		10.4923
-82		-34		-91		10.4987
-42		-42		15725		10.5052
-18		-86		15960		10.5116
-57		-21		-100		10.518
1379		-68		-91		10.5244
2095		89		17191		10.5311
-68		-54		16734		10.5376
-73		602		17273		10.5444
-108		-144		17192		10.5506
1539		-115		-100		10.5569
-125		-710		17221		10.5633
-27		-99		-12		10.5697
1654		-251		-52		10.5762
1582		-41		-107		10.5826
1602		-703		-74		10.5889
-13		-169		16502		10.5954
-72		-81		16176		10.602
-63		-145		16898		10.6085
1543		-46		15697		10.6179
-48		283		-64		10.6243
1558		93		16200		10.6308
-83		-26		15421		10.6373
1624		586		-91		10.6437
-74		342		-35		10.65
-117		608		-51		10.6562
2125		531		-32		10.6628
2641		-125		-81		10.6694
-115		-110		14122		10.6824
-72		-112		-59		10.6982
-111		126		13345		10.7047
2619		-238		-111		10.711
2575		-73		14689		10.7175
-128		-23		-6		10.7241
3131		-36		15877		10.7305
2331		124		15623		10.7576
-100		-69		-60		10.7641
-52		-76		-68		10.7708
-90		-117		-76		10.7771
1878		1052		16748		10.788
-102		-54		16767		10.7943
1351		-33		17755		10.8008
1635		-120		16390		10.8071
1595		1582		-43		10.8135
-81		-62		16212		10.8198
818		-61		16472		10.8263
-128		-100		17180		10.8328
-126		-34		17187		10.8392
-112		-27		-104		10.8454
-96		1594		-41		10.8517
1297		-111		-17		10.8581
-68		1916		-92		10.8645
1293		1873		16696		10.8709
-128		1914		-112		10.8773
1134		814		17756		10.8837
-35		1563		17178		10.8902
567		-91		17948		10.8968
315		-30		-76		10.9032
571		-72		18028		10.9094
-105		-69		18193		10.9157
570		1579		17189		10.922
-29		1357		-4		10.9285
-62		-25		-60		10.9349
810		816		17009		10.9415
1114		-20		17707		10.9478
563		884		-26		10.9545
-73		628		17259		10.9613
1406		-62		-42		10.9681
-216		791		17208		10.9934
-102		571		17760		11
118		-48		18033		11.0063
1096		373		-37		11.0128
-88		840		-44		11.0194
1316		-77		16982		11.0418
634		302		16210		11.0483
540		-36		16129		11.055
523		826		16927		11.0613
-26		563		-106		11.068
-104		-91		16739		11.0748
315		99		16763		11.0811
575		379		-30		11.0874
83		-50		-38		11.0939
118		-40		-13		11.1002
-126		-84		17444		11.1066
124		-174		-60		11.1131
527		-11		-125		11.1195
106		-57		17423		11.126
369		-92		16947		11.1325
-124		-74		15900		11.1391
632		319		-88		11.1458
1130		1104		15467		11.1521
-100		776		-12		11.1584
-78		522		15463		11.1648
-255		-110		-116		11.1712
-56		-17		16398		11.1776
636		586		-43		11.184
1332		547		-118		11.1903
-53		-69		15151		11.1968
1055		-128		-97		11.2034
-81		811		-63		11.2097
810		832		-96		11.216
282		-34		14885		11.2223
-94		-65		-123		11.2288
-73		-66		16450		11.2351
518		-73		16459		11.2414
-121		595		-39		11.2481
-115		802		16141		11.2547
-32		822		-107		11.2613
-38		-85		16399		11.2677
-82		-8		-86		11.2745
-58		1404		-10		11.2807
284		884		15704		11.2871
-74		836		-104		11.2936
-12		-102		-111		11.3
554		-88		16673		11.3065
-105		1083		18017		11.3129
294		259		-110		11.3192
-74		1130		-32		11.3257
826		791		-46		11.3322
827		-44		16948		11.3432
379		864		-69		11.3495
31		-106		-112		11.356
-22		-85		-52		11.3626
862		-24		-125		11.369
624		838		-128		11.3754
-50		-118		16664		11.3817
303		110		17021		11.3881
-95		-125		17408		11.3949
346		-22		16960		11.4111
1098		1060		17437		11.4267
533		-42		-104		11.4333
890		838		16411		11.4398
-106		-56		-96		11.4464
336		519		17498		11.4609
782		566		-79		11.4766
627		74		-36		11.4831
-18		-3		-96		11.4895
-42		1038		-65		11.4962
-20		572		17499		11.5027
-24		-58		-49		11.509
584		-42		15732		11.5154
-41		2		17697		11.5219
272		-494		-60		11.5287
-8		-99		17495		11.5351
-6		519		-95		11.5416
-5		90		-33		11.548
287		-10		-113		11.5545
-69		883		15961		11.5612
-106		-45		-115		11.5676
-57		1051		16756		11.574
308		-97		15619		11.5804
1123		-127		15481		11.5926
603		357		-110		11.599
-93		-107		-71		11.6054
277		-6		-115		11.6119
-98		-109		-37		11.6183
67		-22		-16		11.6246
-89		-61		16406		11.6312
5		858		17174		11.6378
-85		-112		15889		11.6443
-209		99		-107		11.6507
324		-30		-17		11.6571
593		-87		16750		11.6635
288		-41		-41		11.6699
-51		584		-21		11.6763
107		-9		-96		11.6827
-98		-45		17766		11.6929
-44		307		-16		11.6992
-37		867		-119		11.7129
-128		-68		-27		11.7192
120		790		16964		11.7257
-79		-76		16899		11.7322
-104		636		-64		11.7385
7		-88		16688		11.7449
-31		795		-43		11.7514
-30		-58		-83		11.7583
-57		-25		17532		11.7663
65		-45		17762		11.7726
349		-121		-65		11.7788
-94		-72		16750		11.7852
-41		624		-7		11.7944
-424		563		-75		11.8009
-72		-13		-108		11.8073
-67		559		-82		11.8137
-688		-74		16656		11.8202
-727		353		-53		11.8266
-725		316		17245		11.833
-60		-89		-125		11.8395
-43		-63		-72		11.8464
-8		339		-103		11.8706
-117		872		-7		11.877
-33		-52		16991		11.8834
-121		-124		-98		11.8899
-1511		-53		-83		11.8965
-33		828		-101		11.9029
-39		-14		16223		11.9094
-1005		595		17212		11.9157
-127		-68		15460		11.9235
-1431		588		-56		11.9454
-47		-118		-40		11.9518
-1228		-5		16947		11.9583
-1233		-69		17002		11.9649
-103		-120		17194		11.9714
-74		-45		-27		11.978
-48		-18		-28		11.9842
-112		-85		16984		11.9905
-98		-56		17000		11.9968
-11		-57		15933		12.0032
-1251		624		-58		12.0096
-1459		-82		17178		12.016
-1200		851		-100		12.0223
-1665		814		17154		12.0287
-68		-51		16652		12.0352
-1224		-86		-68		12.042
-1452		-78		16212		12.0481
-120		603		16989		12.0546
-112		-92		17764		12.0612
-1503		626		-30		12.068
-45		-53		-40		12.0745
-108		1026		-59		12.0811
-1229		847		-108		12.0876
-120		599		-103		12.0941
-86		542		17251		12.1006
-65		-89		-11		12.1071
-1719		277		-92		12.1135
-1473		-104		16968		12.1198
-2044		89		16904		12.1274
-4		-74		-39		12.1339
-1434		540		17459		12.1506
-1431		-32		17223		12.157
-102		-53		-16		12.1634
-1459		-49		17673		12.1699
-28		6		17159		12.1762
-81		300		17165		12.1828
-1702		-115		17431		12.1894
-75		-85		-122		12.1958
-24		262		16673		12.2022
-1445		-6		-4		12.2086
-1422		-102		-81		12.2151
-120		-75		-20		12.2285
-2048		306		16461		12.2347
-1519		-106		16392		12.2411
-1767		-50		-49		12.2475
-1783		-16		-115		12.2538
-1679		770		-117		12.2603
-1264		363		-40		12.2735
-56		559		15990		12.28
-1196		535		17427		12.2866
-1696		-83		17009		12.2931
-124		-70		-43		12.2996
-1445		-50		-12		12.3059
-1760		303		16168		12.3124
-67		-114		-6		12.3191
-47		-59		16744		12.3256
-80		80		17003		12.3321
-2011		-5		-61		12.3405
-1944		-32		16696		12.3467
-1987		71		16679		12.3533
-14		-73		-38		12.3598
-96		-72		-85		12.3663
-65		-111		-40		12.373
-113		-77		16948		12.3793
-60		-52		-34		12.3856
-13		378		17208		12.3924
-104		515		-104		12.3991
-2211		-54		17188		12.421
-11		-99		15940		12.4274
-2006		-111		15447		12.4338
-1745		-115		15485		12.44
-1949		812		-49		12.4465
-121		518		-17		12.4531
-2468		-96		16764		12.4595
-101		634		16440		12.4657
-2536		-52		-40		12.4723
-61		622		-49		12.4788
-115		584		18021		12.4852
-1948		-112		17776		12.4917
-60		-8		-91		12.4981
-2252		291		-5		12.5045
-1997		-107		17268		12.5109
-2005		559		16988		12.5176
-60		-117		17178		12.5241
-52		540		16746		12.5303
-75		290		-49		12.5365
-2465		383		-11		12.5431
-2487		-43		17154		12.5496
-1947		554		-126		12.5562
-2022		-1		17154		12.5625
-116		554		16949		12.5688
-2028		599		-80		12.5754
-21		-104		16502		12.5821
-110		-10		-30		12.5888
-2435		127		-122		12.6135
-64		31		16986		12.62
-40		-13		17004		12.6264
-2201		79		17240		12.6331
-1763		263		17672		12.6395
-36		-57		16672		12.6623
-116		-29		16431		12.6689
-125		312		17481		12.6754
-2294		-107		16909		12.6818
-2200		-106		16691		12.6883
-2252		-112		-77		12.6948
-1791		-91		-118		12.7012
-15		-30		15659		12.7074
-73		-86		16675		12.7137
-111		-75		-31		12.7201
-1973		355		-102		12.7265
-1976		-9		-111		12.7329
-1744		-102		16697		12.7393
-1987		291		-49		12.7456
-1774		295		17979		12.7521
-119		-1		16182		12.7587
-110		278		16992		12.7651
-1677		-3		15883		12.7713
-1760		-24		17448		12.7777
-1668		264		-41		12.7841
-97		-101		-20		12.7904
-2177		-112		16155		12.7968
-101		-94		-48		12.8032
-1983		-108		16762		12.8096
-73		637		-25		12.816
-28		257		16983		12.8228
-68		520		-97		12.8289
-2556		528		-120		12.8353
-47		-52		16508		12.842
-15		-62		-111		12.8492
-80		636		16756		12.8558
-15		-66		-127		12.8626
-2012		593		-117		12.8689
-84		-117		17275		12.8751
-103		-18		-49		12.8814
-44		827		16936		12.8877
-69		-9		-12		12.9114
-2248		-93		-7		12.918
-1962		592		-29		12.9244
-32		354		17219		12.931
-124		-10		17268		12.9376
-1929		-78		-54		12.944
-2203		267		-68		12.9502
-20		42		17487		12.9566
-8		266		-52		12.963
-101		18		17169		12.9693
-2301		59		17004		12.9756
-2192		115		-121		12.9825
-1979		302		-35		12.9889
-96		378		-1		12.9954
-92		-12		-81		13.0023
-2544		-5		-65		13.0086
-1983		367		-18		13.0148
-2521		287		-77		13.0213
-107		345		-27		13.0278
-7		-72		17423		13.0347
-43		-21		17469		13.0411
-86		-88		-49		13.0475
-2009		-68		-76		13.0539
-2042		543		16143		13.0603
-35		628		-43		13.0668
-10		616		-125		13.0735
-1992		304		-8		13.0797
-1956		280		16668		13.0862
-59		-20		-25		13.0926
-37		-34		-123		13.0991
-80		-49		16249		13.1055
-9		307		-59		13.1119
-68		-127		17185		13.1182
-14		-109		16169		13.1246
-1499		-68		-111		13.1311
-123		-77		16732		13.1377
-40		-50		-104		13.162
-19		322		17004		13.1684
-55		-41		-123		13.1747
-1168		317		-80		13.1814
-33		-34		-81		13.188
-99		-122		16713		13.199
-84		-98		16415		13.2054
-96		275		15681		13.2119
-1001		362		16725		13.2184
-128		-63		-115		13.2248
-47		-120		-104		13.2311
-36		119		16213		13.2376
-1200		-120		15940		13.2441
-12		-81		16957		13.2509
-103		306		16764		13.2718
-1212		335		-86		13.2784
-1243		124		-60		13.2849
-69		358		-85		13.2916
-96		-1		16945		13.298
-60		-88		-91		13.3047
-46		-93		-49		13.3109
-708		114		16676		13.3172
-905		295		-80		13.3237
-1277		-110		16506		13.3302
-1247		337		17971		13.3365
-995		-118		17481		13.343
-103		-78		-61		13.3495
-911		-77		16731		13.3558
-100		-105		17778		13.3623
-934		-118		16490		13.3692
-967		282		16713		13.3754
-19		534		-3		13.3818
-997		-45		-104		13.3882
-64		358		16996		13.3947
-923		-57		17263		13.4011
-765		-57		16450		13.4076
-115		604		-21		13.4139
-65		-22		16511		13.4205
-52		558		16924		13.4271
-651		-81		16400		13.4336
-49		-5		16980		13.4417
-684		622		16896		13.448
-35		522		-113		13.4545
-10		379		16202		13.4809
-104		-104		16992		13.4873
-8		-3		-71		13.494
-90		580		16695		13.5005
-671		-93		17965		13.5069
-91		-69		-125		13.5289
-207		-121		16182		13.5353
-686		342		-28		13.5418
-1203		-82		16491		13.5483
-124		-97		17680		13.5548
-123		-74		17436		13.5613
-249		263		16922		13.5679
-111		86		16727		13.5742
-70		-10		-30		13.5807
-228		29		15973		13.5873
-43		-54		15959		13.5937
-662		-100		-85		13.6001
-487		828		16431		13.6067
-65		562		16226		13.6131
-105		-45		-110		13.6195
-682		-88		-51		13.626
54		-78		-105		13.6326
878		93		17271		13.6388
1031		-121		16740		13.6451
-91		3		-52		13.6515
-110		379		15631		13.6581
-41		-113		-17		13.6645
-122		791		-121		13.671
-94		615		16683		13.6774
22		838		-40		13.684
-81		566		16667		13.6906
326		-118		-94		13.6971
1123		-75		-15		13.7033
-27		-75		-4		13.7096
1912		-70		18041		13.716
2124		-127		16993		13.7224
-20		-24		-19		13.7289
-13		330		15993		13.7353
-70		-79		15674		13.7418
-3		-43		-103		13.7482
-97		539		16469		13.7548
307		316		-20		13.7614
-120		-25		16509		13.7675
528		-58		-108		13.774
-21		-100		17162		13.7803
1899		867		-86		13.7869
2120		816		-65		13.7933
-37		-70		16164		13.7998
2094		259		-91		13.806
1803		-28		-20		13.8129
-59		113		17019		13.8195
1795		-134		16228		13.8259
-117		6		-83		13.8323
1356		-92		16448		13.8388
1384		627		15928		13.8482
-62		634		16153		13.8546
1604		-28		16445		13.8611
1328		814		15703		13.8674
-52		843		17152		13.8739
831		-48		16983		13.8806
774		-58		-18		13.887
-44		292		17174		13.8936
-77		-13		17489		13.9002
-92		-23		-36		13.9066
-31		383		-63		13.913
-20		354		16687		13.9193
1130		-34		-119		13.9257
1063		631		-5		13.9322
632		-25		-91		13.9386
326		610		16224		13.945
332		-36		16464		13.9561
-93		573		16491		13.9626
-52		-72		17017		13.969
323		-97		-112		13.9754
573		296		17244		13.9818
-3		345		16692		13.9883
-108		294		-51		13.9946
262		342		-51		14.0009
-57		563		16943		14.0075
-65		535		-47		14.0138
-28		575		-38		14.0203
342		-37		-67		14.0269
604		-17		-112		14.0334
-113		-98		17711		14.0397
879		-16		-18		14.0477
1046		259		-95		14.0542
606		-113		16675		14.0764
-22		542		17535		14.0829
-99		776		-46		14.0893
-111		610		-11		14.0958
-15		571		16504		14.1022
1062		526		-39		14.1088
-113		-116		-38		14.1152
-68		310		-117		14.1363
1026		-107		-71		14.1427
-108		382		-37		14.1492
1079		540		16178		14.1557
1284		-54		-65		14.1622
-117		528		15880		14.1687
1111		-112		16677		14.1755
-51		593		17275		14.1817
-126		-50		15924		14.1882
839		-37		-28		14.1946
379		-105		16755		14.201
-3		-46		17188		14.2075
-126		-63		15960		14.214
-104		-28		-100		14.2204
1054		518		-106		14.2269
1345		603		-81		14.2335
843		-5		-57		14.24
827		295		16898		14.2461
875		-9		-115		14.2524
-97		572		-71		14.2588
628		-43		17191		14.2653
-66		-30		16504		14.2718
-101		-66		-11		14.2784
-29		-29		16132		14.2848
-113		311		-89		14.2913
-122		-106		-121		14.298
782		-14		-12		14.3042
782		-75		-61		14.3108
895		-24		16899		14.3171
1118		341		17009		14.3237
-92		-110		17199		14.3303
858		-28		16486		14.3367
847		312		-58		14.3432
-105		335		17192		14.3496
-41		614		16407		14.3561
1068		279		-72		14.3628
874		527		-109		14.3891
618		-81		-54		14.3954
895		279		-16		14.4019
-116		370		15980		14.4087
-58		-109		16664		14.4153
-28		523		15952		14.4408