 X		Y		Z		Time[us]
-2781		260		292		3.24786e-309
-15		320		346		0.00627136
-2738		336		281		0.0127716
-2781		-14		-73		0.018998
-2799		265		90		0.0255142
-25		312		353		0.0343101
-2731		-3		52		0.0441204
-2710		265		267		0.0504117
-2757		-28		88		0.0570239
-2814		296		374		0.0635871
-2767		263		-112		0.0700993
-2777		-2		329		0.0851116
-2734		-28		112		0.0913969
-2760		-3		70		0.102942
-2739		268		-66		0.109269
-2746		-81		82		0.116034
-2725		267		259		0.122572
-2814		274		-34		0.128813
-2752		279		348		0.13522
-2749		-2		17		0.141714
-2783		-11		-102		0.14808
-2697		-15		85		0.154552
-2777		-47		306		0.160903
-2722		-54		63		0.167553
-2748		-68		-49		0.173822
-2776		-1		3		0.180179
-2741		-97		2		0.186538
-2786		-56		83		0.192939
-2784		-16		29		0.199359
-2778		-76		-36		0.20586
-2729		-12		9		0.212432
-2810		-29		336		0.218771
-2699		295		359		0.225213
-2732		-43		32		0.231598
-2758		259		-76		0.238166
-2758		269		324		0.244364
-2758		-33		14		0.250685
-65		123		344		0.257006
-2789		329		271		0.263402
-2799		-34		32		0.269845
-2784		259		-26		0.27632
-2748		-45		43		0.282677
-2814		-24		-118		0.289083
-2754		-42		-36		0.295496
-2764		301		333		0.302166
-16		-31		80		0.308257
-2811		-17		78		0.314615
-2993		-12		85		0.320941
-119		327		283		0.327307
-2698		335		37		0.333723
-2738		-23		85		0.340214
-22		-61		-89		0.346516
-2691		280		-100		0.353022
-2712		273		273		0.359598
-2729		-2		43		0.365803
-2804		263		-98		0.372068
-2737		-13		-88		0.378383
-2738		266		-128		0.384839
-2804		262		336		0.391089
-2760		334		295		0.397441
-18		-32		-115		0.404009
-2763		264		-101		0.41028
-2709		-93		12		0.416801
-2694		-12		-105		0.423493
-2795		-20		64		0.429887
-2752		-7		-24		0.436098
-2768		-42		13		0.442374
-2743		-21		74		0.448749
-3		-59		44		0.455082
-2768		298		-65		0.461414
-2772		-12		356		0.467811
-2755		-50		23		0.474039
-21		-24		-108		0.480543
-2752		298		-110		0.487324
-3025		273		318		0.511855
-2743		-9		90		0.518301
-43		-26		101		0.52468
-2801		274		-19		0.531042
-60		-14		103		0.537625
-2794		-18		371		0.543922
-2798		-51		-124		0.555511
-2811		-53		15		0.561919
-2754		-37		351		0.568311
-2805		-21		4		0.574703
-2786		-5		-101		0.581033
-2791		-51		306		0.587399
-91		304		289		0.59379
-2778		-45		38		0.600314
-2721		-36		113		0.622268
-2753		284		-127		0.628742
-2757		-46		98		0.63526
-2808		288		319		0.641752
-2757		292		107		0.648119
-2765		260		357		0.654684
-2776		269		341		0.661247
-2752		-28		-68		0.667484
-2762		-41		67		0.673556
-58		267		-6		0.679973
-128		271		-98		0.686356
-119		286		-72		0.692814
-36		-89		80		0.699194
-2726		-55		-94		0.705567
-2757		-23		85		0.712023
-2		-91		77		0.71859
-2740		-47		-84		0.725502
-112		-5		11		0.731714
-2778		-20		-6		0.737886
-2737		258		56		0.744387
-2800		-38		-25		0.750718
-2796		-38		60		0.757066
-2779		-25		294		0.763376
-68		-2		-72		0.769826
-2		318		-123		0.776047
-2750		-10		111		0.782687
-64		-58		-111		0.789416
-25		256		369		0.795771
-2812		261		-85		0.80185
-2785		293		-38		0.808239
-2816		345		288		0.814542
-2784		293		355		0.821434
-72		284		284		0.827763
-2809		-3		80		0.834197
-48		270		261		0.840389
-40		307		-114		0.846909
-70		280		305		0.853828
-2806		293		361		0.86353
-2771		305		270		0.86984
-2800		370		308		0.876194
-13		-16		-100		0.88265
-56		296		270		0.889046
-2801		329		341		0.89544
-19		306		370		0.901652
-2		277		307		0.908012
-2771		340		287		0.914644
-2773		276		27		0.920954
-18		278		287		0.946224
-2731		-45		57		0.952462
-2698		-1		-14		0.95881
-2776		316		288		0.96524
-2718		-62		18		0.979624
-2737		-62		-110		0.986543
-118		-48		-116		0.992814
-2730		-50		-73		0.999305
-2691		-22		89		1.00563
-106		-17		287		1.01189
-100		-85		21		1.0183
-2708		-117		117		1.02473
-2708		30		-70		1.03111
-2717		-34		-96		1.03857
-72		-25		3		1.045
-2750		-24		87		1.07073
-2701		-41		10		1.07719
-2743		-5		47		1.08356
-16		-16		1		1.09027
-2801		281		-85		1.09662
-38		-34		285		1.12168
-104		-106		12		1.12803
-120		256		-69		1.13451
-70		-76		100		1.14112
-37		-34		126		1.15106
-91		-11		28		1.15733
-42		-33		-47		1.16394
-86		-17		68		1.17014
-45		-54		-1		1.17641
-63		-51		113		1.18282
-36		277		381		1.18908
-2951		122		-73		1.19557
-2807		262		347		1.20252
-28		275		-65		1.20877
-2759		264		307		1.21493
-2706		322		-97		1.22117
-2782		289		363		1.22753
-2745		278		-43		1.23388
-2720		278		373		1.24032
-2774		278		-8		1.24672
-2720		-10		12		1.25298
-113		311		299		1.25945
-83		281		372		1.26588
-97		325		303		1.27205
-2696		291		276		1.27826
-25		287		346		1.28463
-2721		358		295		1.29119
-65		307		300		1.29768
-86		281		351		1.30401
-2739		-49		-58		1.31038
-80		346		357		1.31686
-123		314		328		1.3237
-98		-61		103		1.33263
-2696		264		290		1.33896
-2729		-15		-109		1.3455
-2		-71		71		1.35184
-2737		-18		-27		1.35825
-2756		-27		-83		1.3646
-2752		299		354		1.37083
-53		-37		-122		1.37726
-106		-87		-9		1.38389
-103		-10		105		1.41066
-66		303		-42		1.4169
-20		285		268		1.42333
-3004		-123		-43		1.42992
-80		-2		98		1.43635
-77		-39		117		1.44559
-2		291		344		1.45194
-79		-60		-115		1.45828
-89		-65		72		1.46474
-94		-66		-99		1.47104
-2809		-60		91		1.4774
-2738		-9		120		1.48381
-42		279		282		1.49021
-32		-75		80		1.49658
-2766		-60		-120		1.50277
-2808		-11		73		1.50903
-2726		-71		-62		1.51535
-2699		-24		115		1.5218
-2713		303		352		1.52809
-2814		-72		29		1.53449
-2751		-20		-126		1.54085
-2721		-56		-32		1.54737
-99		-3		60		1.5698
-71		-53		26		1.57618
-117		-28		-36		1.5826
-95		-3		324		1.58881
-2689		-29		-121		1.59535
-112		-26		39		1.60232
-109		-27		108		1.61222
-56		-80		321		1.61855
-2804		-31		-17		1.62495
-2815		-50		95		1.63128
-2760		-17		50		1.63749
-2752		-92		103		1.64383
-2716		265		-69		1.65017
-34		114		-33		1.65671
-2812		-42		88		1.66324
-2796		-5		70		1.68392
-2792		2		-11		1.69025
-72		-45		121		1.69666
-65		256		-10		1.70301
-34		-29		127		1.7097
-4		267		-127		1.71605
-114		-46		55		1.72213
-71		297		378		1.72831
-90		-36		41		1.73458
-24		297		316		1.74088
-9		6		-102		1.74722
-2964		-17		93		1.75365
-46		-62		-80		1.75996
-2807		263		333		1.76641
-2759		314		-110		1.77279
-28		314		-128		1.77942
-2731		353		280		1.78548
-2780		300		-88		1.79188
-2789		343		290		1.79823
-2694		-114		-77		1.80458
-2762		292		-70		1.81096
-2735		326		360		1.81733
-2783		354		315		1.82376
-98		286		305		1.83031
-37		334		355		1.83687
-124		322		314		1.8631
-2724		259		315		1.86941
-2709		-85		348		1.87606
-117		304		337		1.88252
-81		-45		-49		1.89104
-2766		-48		62		1.89727
-2707		-59		-36		1.90364
-2731		263		-11		1.91011
-2770		-8		25		1.9164
-2		-10		4		1.92287
-2795		-64		50		1.9292
-2816		-37		-84		1.9356
-2777		-65		117		1.94225
-2798		-75		-7		1.94848
-34		-57		111		1.95459
-33		99		70		1.96098
-2785		-11		51		1.96736
-88		-112		-105		1.97375
-2783		-37		87		1.98015
-63		-121		44		1.98642
-56		-18		29		1.99285
-40		-28		75		1.99944
-10		-22		67		2.00579
-5		-114		-111		2.01343
-25		-1		35		2.01983
-2797		-14		111		2.02614
-11		-25		-4		2.03263
-2795		-20		-8		2.03888
-2750		277		380		2.04528
-2782		-26		-78		2.05144
-23		267		272		2.05791
-2743		266		277		2.06439
-2766		278		-110		2.07074
-2761		-12		34		2.09414
-2800		-4		72		2.10052
-122		-35		-46		2.10683
-2747		317		-57		2.11364
-2719		324		372		2.12033
-74		340		320		2.14199
-2767		261		-43		2.14852
-2708		338		286		2.15477
-2734		291		-103		2.16114
-2753		271		261		2.16775
-14		277		-38		2.17436
-109		315		-10		2.18062
-2788		282		278		2.18688
-2798		-15		8		2.19332
-2791		293		-30		2.19961
-2744		-21		-109		2.20593
-2782		315		307		2.21234
-2732		257		-1		2.21861
-2770		300		-44		2.22521
-2779		-87		-91		2.23185
-2768		271		261		2.2379
-2730		-35		96		2.24419
-1		-33		73		2.25048
-33		-56		-79		2.25685
-69		-94		-83		2.26329
-2816		-30		-22		2.26963
-2794		-27		-42		2.27584
-8		-16		115		2.28245
-12		-12		-128		2.28918
-2810		-63		-10		2.3104
-2754		-63		-73		2.31685
-2810		-78		-88		2.32359
-2715		-22		-72		2.32979
-2802		-115		84		2.33631
-72		-45		294		2.34301
-2773		-6		-112		2.35199
-2768		-13		84		2.35829
-124		-40		24		2.36456
-2726		-8		-10		2.37081
-2707		20		13		2.37742
-2		-34		25		2.3838
-2733		258		340		2.39022
-1		-50		106		2.39692
-2811		-10		90		2.40369
-2783		-81		1		2.4103
-2806		275		334		2.41688
-126		262		-11		2.42373
-2705		333		284		2.43059
-2770		273		359		2.43675
-2697		309		257		2.44335
-2755		261		312		2.44984
-2747		-1		112		2.45614
-2731		314		-46		2.46271
-2780		307		-94		2.46912
-119		-125		292		2.47554
-2716		312		356		2.48194
-13		303		303		2.48855
-2796		-12		36		2.49492
-2783		-34		281		2.50123
-2804		263		375		2.50785
-2771		-10		57		2.51425
-2751		272		-90		2.52116
-2750		293		376		2.52782
-2764		283		-106		2.53451
-2741		379		-78		2.54094
-2789		-23		260		2.54819
-93		-34		-99		2.5605
-91		-23		-16		2.56688
-2726		62		104		2.5733
-2720		315		344		2.57994
-24		-76		-53		2.58658
-2796		-5		102		2.59311
-13		-28		9		2.6014
-16		-30		27		2.60883
-29		-31		-62		2.6162
-2791		-28		-60		2.62286
-2713		-58		-122		2.62944
-2775		-74		27		2.6358
-2729		-37		-106		2.64187
-2810		263		343		2.64794
-2782		-87		89		2.65419
-2810		-49		-61		2.66027
-126		-37		85		2.6664
-2750		-57		304		2.67257
-99		-67		46		2.6789
-2773		-32		85		2.70199
-2749		-14		3		2.70856
-124		-12		23		2.71476
-121		280		349		2.72126
-2737		-100		38		2.72765
-2721		-20		73		2.73911
-2771		-42		93		2.74531
-2811		-51		-17		2.75174
-2725		263		352		2.75816
-2792		-48		87		2.7645
-60		263		-28		2.77069
-2755		-34		75		2.77711
-2748		-8		308		2.78353
-106		58		379		2.79003
-2765		302		349		2.81182
-18		-5		-81		2.81817
-2745		311		-48		2.82455
-126		338		298		2.8309
-2774		310		369		2.83753
-2798		-18		293		2.84403
-2791		290		257		2.85191
-2770		266		-15		2.85808
-2805		-49		338		2.86452
-2726		279		-78		2.87095
-32		297		-118		2.87733
-10		-30		-1		2.88371
-2790		284		349		2.88992
-84		-30		-75		2.89649
-2743		290		294		2.9032
-2789		271		290		2.92927
-31		269		358		2.93597
-2789		264		-51		2.94241
-2738		288		286		2.94892
-2788		10		352		2.95524
-2814		-63		-53		2.9806
-2693		-25		67		2.98703
-2730		-22		-124		2.99345
-2731		-18		124		2.99998
-2772		-54		35		3.0095
-2750		-98		-44		3.01584
-2797		-107		-18		3.02251
-2714		-23		66		3.03494
-2804		-111		104		3.04147
-2735		-26		33		3.0484
-2698		-42		278		3.05476
-2693		-98		2		3.06134
-2773		-107		73		3.06754
-2726		262		73		3.07375
-2738		269		-49		3.08021
-2773		-11		-92		3.08796
-2737		-49		312		3.09847
-2710		-4		-34		3.10476
-2765		-85		-83		3.11137
-2747		284		-21		3.11784
-70		-26		-85		3.12428
-47		-6		68		3.13071
-2706		308		333		3.13703
-2789		-42		-113		3.14366
-35		-4		-101		3.15021
-2721		325		308		3.15658
-2768		-57		47		3.1628
-52		292		90		3.16902
-2787		256		325		3.17531
-2791		-38		18		3.18165
-16		-17		-105		3.18809
-80		-21		-28		3.19447
-2813		-25		-31		3.2079
-16		271		-5		3.21828
-2782		-80		12		3.22446
-2809		-21		-17		3.2307
-2779		-33		348		3.23729
-2767		-7		14		3.2436
-4		291		-119		3.25001
-2736		298		-25		3.2574
-2783		11		31		3.27037
-2792		-6		50		3.27642
-7		295		284		3.28254
-2766		281		345		3.28874
-2785		319		-32		3.29501
-2735		276		373		3.31665
-89		273		307		3.32324
-5		268		-46		3.32996
-2705		-3		-81		3.3364
-2806		364		-126		3.34284
-2775		314		-38		3.3497
-2758		265		-119		3.35607
-2778		-41		-94		3.36214
-2749		-8		60		3.36844
-2707		263		372		3.37483
-103		-75		88		3.38116
-2742		-15		121		3.38755
-2808		-24		294		3.39392
-2760		269		-1		3.40019
-2764		283		262		3.40684
-26		-24		-122		3.41344
-2801		-71		50		3.41982
-2780		268		-31		3.42595
-4		-60		343		3.4323
-2714		292		290		3.43893
-2719		-27		82		3.44519
-2796		-7		-55		3.45147
-62		-39		15		3.4578
-2774		-29		24		3.46408
-50		-94		-73		3.47066
-2788		-4		68		3.4773
-2813		-45		111		3.48718
-2802		-75		25		3.49341
-6		-50		-123		3.49981
-22		-89		113		3.50615
-2774		-88		33		3.51255
-2760		-68		-112		3.51907
-3		-37		21		3.52533
-2792		-23		-101		3.53172
-2774		-40		-26		3.53819
-2803		106		50		3.54448
-2744		-20		60		3.56938
-2758		-8		-110		3.57598
-2741		-16		18		3.58223
-2727		-10		31		3.58867
-2758		-19		-12		3.59513
-2756		280		336		3.61707
-118		305		290		3.62341
-128		292		-22		3.62971
-2795		269		332		3.63609
-2810		-18		-19		3.64256
-2741		275		-88		3.64925
-2789		274		-4		3.6558
-24		27		114		3.66202
-2761		267		-36		3.66843
-2749		297		276		3.67488
-2794		-19		349		3.68131
-2754		-89		56		3.68759
-2723		-29		53		3.69393
-64		54		80		3.70037
-2744		300		280		3.70695
-2745		256		-121		3.71685
-2761		-38		-55		3.72328
-2719		-54		19		3.72948
-2709		-50		30		3.73582
-2705		272		259		3.74217
-2740		260		-113		3.74846
-33		283		378		3.75476
-2792		-114		44		3.76119
-2806		-27		-12		3.7677
-9		-8		78		3.77403
-42		-39		-124		3.80058
-52		-27		57		3.80684
-20		261		287		3.81345
-48		-26		26		3.81977
-2799		274		289		3.84567
-2744		271		312		3.85204
-3050		303		-102		3.85877
-2801		265		318		3.86558
-2761		274		340		3.87188
-74		276		-105		3.88111
-2709		283		-40		3.88748
-2720		269		-33		3.8938
-2718		273		322		3.90038
-2728		289		-31		3.90662
-47		274		351		3.91292
-2742		277		81		3.91928
-2755		-43		45		3.92605
-2740		256		372		3.94722
-2703		-85		-74		3.95359
-2769		-75		-3		3.96024
-2774		-64		31		3.96645
-2754		-9		10		3.97281
-2737		-35		-56		3.9794
-105		-4		14		3.98592
-2810		277		-28		3.99249
-2691		-26		72		3.99886
-2792		-29		-101		4.01067
-2796		273		-30		4.01693
-2729		329		279		4.02327
-2806		-49		-1		4.02959
-2811		-94		-69		4.03625
-35		-103		-90		4.04257
-2758		-46		40		4.0488
-56		-59		38		4.05528
-4		-24		-122		4.06179
-2794		-6		69		4.08578
-2740		-46		51		4.09222
-2801		-29		96		4.09893
-2768		-5		380		4.10528
-125		-20		-61		4.11195
-2777		-31		-46		4.11832
-2797		307		366		4.12837
-2773		266		-76		4.1346
-2780		-4		-34		4.14113
-121		259		-81		4.14758
-2749		287		-121		4.1539
-2789		304		281		4.16019
-2757		-14		17		4.16669
-2773		290		347		4.17321
-2738		276		379		4.17975
-2711		330		-41		4.18919
-2730		259		354		4.19554
-2741		339		-17		4.20184
-2715		305		-52		4.20825
-2798		267		-74		4.21458
-2769		-9		-52		4.22081
-2815		-14		-40		4.22723
-2720		302		-83		4.23372
-2776		-17		81		4.24016
-2789		-35		87		4.26661
-2750		-5		112		4.27291
-2737		-24		-121		4.27958
-2816		-11		95		4.28583
-2793		-9		95		4.29218
-2725		-64		85		4.31813
-2731		279		49		4.32457
-2709		-28		101		4.33107
-2810		-8		2		4.33759
-2789		258		330		4.348
-2785		-49		125		4.35445
-2750		301		-125		4.36083
-50		-40		99		4.36739
-2804		-15		120		4.37374
-2707		265		277		4.37994
-2774		-62		111		4.38644
-2702		-71		-108		4.39287
-83		34		-119		4.39933
-2752		-66		110		4.4094
-2767		-14		-118		4.41579
-2720		-31		-96		4.42212
-4		-10		-24		4.4285
-2722		-1		45		4.4349
-6		-52		-71		4.44122
-2722		-53		122		4.44766
-2713		335		-108		4.45409
-2795		-13		340		4.46062
-2807		301		-7		4.48838
-2794		322		267		4.49491
-2733		309		332		4.50153
-2763		300		-41		4.50781
-2790		258		55		4.53512
-115		-51		91		4.54141
-2726		-11		70		4.54822
-2709		-18		72		4.55455
-2741		-21		60		4.57599
-2732		-29		-116		4.58236
-93		-67		-25		4.58877
-40		-23		59		4.59515
-2695		-5		343		4.6015
-2700		-5		64		4.60801
-2766		-28		73		4.61447
-2763		-33		-83		4.6207
-2746		269		380		4.62696
-2779		-42		-40		4.63335
-2795		-3		272		4.63973
-2715		-56		10		4.64608
-52		-59		55		4.65246
-2765		-28		13		4.65882
-2742		320		-30		4.66536
-38		-13		87		4.67186
-31		-45		61		4.69801
-2798		-21		-117		4.70434
-105		-97		28		4.71073
-30		-102		122		4.71722
-125		-41		73		4.72366
-2701		-67		107		4.74894
-2779		-38		40		4.75523
-9		-54		82		4.76173
-2757		270		379		4.76838
-2810		-71		-74		4.77808
-2719		-23		342		4.7845
-2747		347		338		4.79085
-2799		267		306		4.7974
-2798		299		-23		4.80373
-50		294		286		4.80989
-2761		302		345		4.81624
-16		283		343		4.82271
-2780		-1		66		4.82921
-54		-19		60		4.83915
-2736		279		-29		4.84553
-2735		-77		73		4.85183
-26		-32		-47		4.85835
-110		260		-1		4.86481
-2695		272		-104		4.87098
-118		-28		-79		4.87732
-128		-1		311		4.88398
-61		275		126		4.89031
-2775		-75		0		4.91767
-2737		-14		-53		4.9242
-2752		-72		-98		4.93062
-2701		-91		261		4.93722
-2752		-31		-5		4.94716
-2765		286		-20		4.95342
-33		-91		58		4.95972
-2812		-35		38		4.96615
-31		-58		-50		4.97239
-49		-97		-48		4.97859
-2790		-51		-24		4.9854
-92		-30		-128		4.99186
-85		-65		36		4.99843
-2815		259		63		5.008
-65		-52		67		5.01455
-23		-52		79		5.02087
-2800		280		70		5.02725
-30		127		-99		5.03365
-2772		323		338		5.03994
-16		1		99		5.04695
-10		275		-78		5.05339
-2707		320		-125		5.05997
-2812		292		363		5.0663
-109		294		-127		5.07257
-2810		310		-124		5.07889
-2751		273		-117		5.08523
-20		258		333		5.0984
-77		322		311		5.10512
-2811		263		-37		5.11138
-2795		295		373		5.11783
-73		310		-29		5.12416
-2693		-13		97		5.13037
-2729		302		38		5.13717
-82		296		-9		5.1437
-2759		-58		-48		5.15019
-2790		-16		10		5.15652
-2716		-22		-83		5.16285
-2789		-40		19		5.16916
-2690		287		72		5.17542
-3006		-36		-64		5.1817
-100		359		-80		5.1881
-39		-63		-3		5.19453
-32		264		269		5.20083
-2780		-39		-94		5.20859
-11		-42		14		5.21502
-51		-112		45		5.22154
-2780		-56		-22		5.22778
-28		-25		-40		5.23413
-2803		-21		-112		5.24051
-2767		-50		-17		5.24683
-2		-91		10		5.25335
-2767		-88		-104		5.25968
-19		-34		6		5.26628
-6		-122		26		5.27257
-2728		-2		84		5.2789
-2764		-24		-107		5.28534
-2689		-51		77		5.29171
-2770		-70		-71		5.29797
-2720		-121		-122		5.30642
-27		-124		18		5.31276
-2737		-64		77		5.32367
-88		-41		-86		5.32998
-2700		-31		117		5.33647
-109		-76		25		5.34275
-2759		260		308		5.34913
-2764		-4		-53		5.35549
-2752		-56		376		5.36177
-66		-48		87		5.36829
-2798		265		339		5.37459
-2762		260		297		5.38073
-2716		267		325		5.3871
-2754		-25		98		5.39767
-2814		267		335		5.40405
-2774		276		312		5.41042
-2814		300		-63		5.41675
-41		256		42		5.42308
-2756		-18		-3		5.42925
-2772		337		-15		5.43572
-2783		323		360		5.44219
-65		305		338		5.44868
-2797		261		292		5.47544
-2782		273		326		5.48196
-2811		293		315		5.4886
-2751		275		315		5.49491
-2962		272		291		5.50128
-2769		269		50		5.50761
-2737		257		328		5.51525
-2759		-22		82		5.52601
-23		-59		101		5.53235
-2710		-30		373		5.53875
-2717		263		-80		5.54528
-2705		-48		95		5.55177
-2775		-4		107		5.55792
-36		-107		115		5.56428
-2713		262		-108		5.5708
-17		-38		-44		5.57758
-2795		-38		-77		5.58686
-2728		-4		-110		5.59328
-2741		-10		-3		5.59976
-2766		-79		31		5.60612
-2788		-73		-7		5.61263
-2807		-38		-92		5.61894
-2694		258		-17		5.62515
-2		-53		-19		5.63162
-2802		-70		47		5.63831
-2803		-80		16		5.66313
-2748		-99		123		5.66952
-2717		-31		36		5.67572
-2692		117		6		5.68219
-8		-102		-122		5.68866
-2738		-52		58		5.69504
-2755		265		306		5.71688
-2762		-59		49		5.72321
-2783		-65		101		5.7296
-2757		-104		-9		5.73598
-20		-29		-86		5.74248
-47		7		-58		5.74893
-92		-28		-72		5.755
-117		278		-22		5.76128
-2744		-5		102		5.7676
-2785		291		-84		5.77391
-2732		339		287		5.78022
-62		332		256		5.78647
-2690		300		-46		5.7928
-2714		-23		52		5.79927
-5		265		-62		5.80574
-2739		315		339		5.81417
-2739		-8		267		5.82039
-2777		282		-128		5.82681
-75		318		-35		5.83323
-2752		96		-102		5.83958
-2784		272		339		5.84604
-2740		294		361		5.8522
-2727		-4		290		5.85848
-2803		-55		86		5.86509
-2735		313		277		5.87149
-45		-81		120		5.8946
-2810		285		372		5.90095
-2748		267		284		5.90726
-2759		-22		39		5.91365
-2794		-29		57		5.92014
-3058		-44		67		5.92642
-68		-57		104		5.93631
-49		271		-18		5.94276
-19		-54		40		5.94914
-2776		-54		-38		5.95551
-2782		-27		12		5.96194
-22		-71		66		5.96821
-2758		-85		-74		5.97472
-2801		-54		55		5.98148
-32		-100		-86		5.99241
-2689		-15		-127		5.99878
-21		-59		-34		6.00519
-2814		-92		-125		6.01152
-2780		-80		111		6.01782
-2763		-50		96		6.02422
-2769		-14		47		6.03058
-71		272		330		6.03711
-113		-77		7		6.04361
-2741		268		295		6.0618
-7		-14		289		6.07749
-2761		264		379		6.08398
-2718		353		-22		6.09058
-122		25		122		6.09695
-123		314		318		6.10645
-2731		257		277		6.11276
-2753		-34		67		6.11912
-2745		262		353		6.1258
-2698		260		356		6.13214
-2737		271		369		6.13849
-2807		-11		327		6.14486
-2792		256		270		6.15136
-122		292		341		6.15789
-22		-9		278		6.16398
-2741		-21		71		6.17011
-8		-81		64		6.17645
-2750		-51		-10		6.18272
-2806		279		317		6.1892
-81		-64		-110		6.19547
-21		-3		353		6.20169
-44		-24		90		6.20839
-2734		-33		-38		6.21509
-2794		-9		54		6.22147
-2779		-27		116		6.24472
-2812		-12		-125		6.2511
-2761		-14		122		6.25724
-2790		-22		-118		6.2636
-46		-51		94		6.27021
-12		-28		-122		6.2766
-2737		-35		105		6.28659
-44		-18		-11		6.29298
-2808		267		310		6.29927
-2692		282		-99		6.3057
-2775		-58		-127		6.31233
-2758		305		282		6.31851
-2789		-26		-46		6.32492
-2689		281		-98		6.33167
-124		-3		-84		6.33831
-2731		-45		103		6.34681
-2716		261		363		6.35316
-2		296		-108		6.35947
-2721		-95		-62		6.36592
-2745		333		-102		6.37226
-2762		-47		73		6.37841
-2700		312		329		6.38472
-2737		-23		-117		6.39121
-2755		267		-23		6.39775
-2715		266		286		6.41884
-2777		-20		-114		6.42522
-73		-58		107		6.43156
-6		283		363		6.43783
-2786		-62		104		6.44424
-2761		1		54		6.45059
-64		-59		321		6.45688
-12		-44		54		6.46614
-2797		-44		51		6.47246
-2805		-9		-89		6.47877
-2798		280		-8		6.48508
-2763		-40		57		6.49148
-2724		-43		-117		6.49764
-2759		-78		19		6.504
-2798		-39		-71		6.51048
-2701		-25		91		6.51713
-2719		-5		23		6.54414
-2701		300		351		6.55052
-2740		-62		-108		6.55686
-46		-62		-47		6.56307
-2791		-30		-114		6.57098
-2717		283		-113		6.57707
-2710		324		-127		6.58349
-2720		266		285		6.5898
-2725		-81		79		6.59626
-2752		-22		27		6.60245
-2717		-7		90		6.60882
-2741		-10		67		6.61538
-2779		-36		344		6.62182
-3029		-75		33		6.62819
-76		-30		15		6.65318
-2746		274		-59		6.65959
-17		-10		-70		6.66603
-73		-6		45		6.67252
-20		304		91		6.67878
-2798		-3		91		6.70221
-2		-20		332		6.70857
-2744		292		364		6.71474
-2735		269		290		6.72154
-2715		-3		89		6.7281
-107		317		360		6.73486
-2770		-39		-62		6.74105
-2755		-25		-104		6.74738
-2778		265		310		6.75391
-2726		-10		121		6.76014
-4		312		-96		6.7665
-128		-24		-42		6.77288
-85		318		316		6.77919
-2777		275		295		6.7858
-2745		307		357		6.79239
-2718		-30		80		6.79859
-2728		313		289		6.80481
-2751		279		-126		6.8111
-2772		290		344		6.81751
-103		-73		-116		6.82399
-64		289		-15		6.83039
-2		-67		127		6.83671
-14		-18		4		6.84292
-2785		-48		-7		6.84954
-2802		-28		125		6.85594
-2773		-72		85		6.88284
-3		-61		304		6.88918
-101		-52		37		6.8958
-2763		-24		-34		6.90205
-2758		-19		57		6.9204
-2790		-42		-124		6.9359
-2745		-8		60		6.94267
-24		-70		50		6.949
-2767		259		307		6.97176
-2794		273		-92		6.9782
-2747		-15		73		6.98458
-2786		338		306		6.9909
-2727		286		283		6.99746
-2738		285		58		7.0039
-2729		286		-75		7.01024
-2707		279		-123		7.01744
-2799		258		372		7.04489
-2745		319		-11		7.05136
-26		276		268		7.05782
-2795		-37		-64		7.06418
-2813		-14		-57		7.07377
-2706		324		346		7.08014
-2793		256		325		7.08655
-6		-39		65		7.09372
-2734		-2		272		7.10024
-2732		288		352		7.10665
-2794		-11		-116		7.11282
-2		-65		-41		7.11907
-2756		-84		36		7.12543
-2734		-34		-113		7.13511
-2803		-35		-128		7.14149
-2767		-59		80		7.14777
-48		-67		46		7.15441
-2803		-20		64		7.1609
-2761		-39		-93		7.16713
-2734		-19		-128		7.17359
-2768		-1		79		7.18052
-2767		-47		325		7.1908
-2704		256		-108		7.19711
-2738		-12		110		7.20347
-2811		-92		11		7.21004
-2724		271		-35		7.2167
-2755		-30		-126		7.22302
-2752		280		324		7.2295
-2756		-77		-104		7.23584
-2733		-16		-108		7.24227
-2813		280		-119		7.2488
-2735		257		368		7.27014
-2748		-12		118		7.27649
-2747		-54		102		7.28275
-2804		-107		58		7.28895
-2754		-36		28		7.29545
-2719		271		-11		7.30233
-2753		-11		66		7.31955
-4		275		-95		7.33528
-2751		271		325		7.34201
-2766		282		-128		7.34827
-22		-77		105		7.35465
-2726		263		-24		7.36419
-2		-5		11		7.3705
-2		-25		71		7.37678
-2749		-38		117		7.38316
-2767		305		-2		7.3896
-15		16		76		7.39583
-2722		-10		-18		7.40226
-2757		259		-14		7.40883
-2791		-47		-115		7.42002
-2751		-68		29		7.42636
-30		-29		-113		7.43286
-2816		-79		-36		7.43925
-2785		-39		-64		7.44557
-2734		-91		-66		7.45188
-101		287		-104		7.45826
-2797		-67		-100		7.46471
-2752		-57		34		7.47124
-2737		-3		-122		7.48025
-2756		-61		115		7.48649
-111		-16		27		7.49287
-2731		286		321		7.49932
-127		-7		10		7.50563
-5		270		360		7.512
-2720		258		-52		7.51824
-99		-56		306		7.52464
-2736		-82		73		7.53122
-121		286		88		7.53765
-2771		-11		-66		7.56347
-2785		-5		102		7.56984
-2810		-56		83		7.57623
-27		-11		46		7.58277
-81		-26		329		7.58924
-2760		306		276		7.61396
-2759		-4		-61		7.6203
-2707		-17		102		7.62677
-2769		-11		318		7.63385
-2798		308		296		7.64038
-2753		327		-14		7.64669
-2736		302		-112		7.66058
-2791		-23		69		7.66695
-26		266		333		7.6733
-2736		288		-2		7.67976
-2697		300		-25		7.68603
-2770		-68		15		7.69243
-2794		-38		-11		7.69894
-2780		287		-104		7.70555
-2764		269		-52		7.71197
-2803		-59		-13		7.71827
-2798		-25		-97		7.72464
-2757		-30		-33		7.73107
-2782		-99		-79		7.73768
-2779		-4		76		7.74406
-2754		-24		65		7.76121
-2721		294		265		7.76758
-2694		-17		102		7.77394
-2736		-36		18		7.78026
-2752		-69		-45		7.78665
-2789		-23		84		7.79309
-46		-21		2		7.79951
-2702		-36		73		7.80573
-2799		-48		57		7.82057
-2768		-14		79		7.82686
-99		266		353		7.83337
-2697		-10		-18		7.83956
-3068		127		-70		7.84579
-29		-92		46		7.85406
-2798		-78		-111		7.87966
-2715		-37		109		7.88606
-2712		19		-112		7.89256
-2757		-64		-52		7.89911
-2792		-60		-63		7.90534
-127		-45		111		7.91179
-2706		-46		-95		7.93373
-2816		-63		370		7.94022
-63		299		299		7.94647
-2766		-22		55		7.95277
-45		-17		65		7.95923
-2758		291		-73		7.96576
-2779		265		361		7.97181
-2775		-20		299		7.97814
-2968		260		290		7.98446
-2764		270		352		7.99085
-2729		326		354		7.99723
-75		-37		-76		8.00372
-2807		-28		-47		8.01017
-2696		36		-8		8.0166
-2777		267		-97		8.02317
-24		-29		376		8.03023
-2780		285		-98		8.04106
-2752		310		-83		8.0476
-2778		-13		318		8.05403
-2739		305		302		8.06026
-21		-47		27		8.06647
-2774		-5		-71		8.07291
-45		-24		115		8.07935
-2736		13		45		8.08593
-2771		-33		308		8.11238
-2742		256		-108		8.11871
-81		-58		6		8.12522
-2783		-18		380		8.13146
-2769		-22		-53		8.14426
-2728		-72		-82		8.15328
-35		-87		-97		8.15963
-19		-55		-63		8.16593
-2787		-15		90		8.17243
-2731		-102		-14		8.17876
-2797		-59		58		8.18518
-2786		279		-78		8.19199
-5		-40		-96		8.20115
-2751		-44		105		8.20746
-2813		-63		0		8.21378
-20		-61		113		8.22019
-2751		-10		-32		8.22645
-2737		-90		83		8.23287
-2778		260		340		8.2391
-26		-77		-10		8.24541
-2785		-48		63		8.25197
-5		-8		60		8.26788
-25		-20		55		8.28378
-22		-37		12		8.29006
-29		-8		-117		8.29647
-2714		11		-43		8.30306
-2814		262		313		8.32782
-2709		270		286		8.33431
-2790		-11		-6		8.34068
-5		293		-126		8.34731
-2762		314		296		8.35404
-2736		266		299		8.381
-2709		326		-102		8.38759
-89		-34		344		8.39424
-2733		267		313		8.40773
-62		-29		-82		8.42243
-2716		310		-25		8.42883
-109		-70		36		8.43519
-41		-12		46		8.44163
-93		-32		125		8.44828
-78		-16		-103		8.45459
-2750		-94		-99		8.4607
-2752		-85		-19		8.46707
-2742		-46		44		8.47345
-2798		-57		34		8.47987
-2752		-109		-24		8.48618
-38		119		-71		8.49246
-2805		-51		-12		8.4987
-2789		99		111		8.50514
-34		90		103		8.51162
-15		-61		93		8.51801
-2775		-43		67		8.52536
-72		-45		-75		8.54898
-53		-5		-115		8.55544
-28		-28		73		8.56178
-30		-8		117		8.56809
-2807		-32		53		8.57465
-2784		-63		-57		8.58106
-2808		-41		90		8.60834
-3045		266		307		8.61474
-2768		-73		-40		8.62138
-2741		288		382		8.62789
-96		271		-87		8.64929
-2760		-18		25		8.65571
-2743		-3		123		8.66212
-2726		263		348		8.66834
-126		257		-52		8.67497
-2800		-59		107		8.68168
-2752		274		-93		8.68813
-3		267		346		8.69418
-2750		265		-46		8.70042
-2744		-25		102		8.70676
-2794		-24		279		8.7131
-2689		-20		0		8.71953
-2775		-52		-109		8.72596
-2760		-42		-37		8.73225
-124		259		376		8.73873
-2697		260		-82		8.74542
-124		-19		21		8.75158
-2758		-80		-99		8.75767
-2765		-109		-70		8.76432
-71		-64		-104		8.77076
-2736		-78		24		8.77705
-2736		259		336		8.78335
-2757		265		87		8.7897
-2958		-59		-127		8.79607
-83		-54		36		8.80269
-2782		293		106		8.80931
-24		-88		-108		8.81541
-70		-47		61		8.82163
-53		-5		14		8.82791
-85		-26		-120		8.83439
-85		-61		12		8.84072
-2774		-41		97		8.84716
-5		-39		97		8.85335
-2762		-35		-62		8.85967
-32		-82		23		8.86621
-3061		-75		37		8.87262
-2810		-55		109		8.89887
-2799		-5		-6		8.90522
-6		-54		80		8.91159
-2715		-69		-109		8.91804
-2800		-8		65		8.92434
-2730		260		292		8.94884
-2781		-16		115		8.95523
-2761		-4		116		8.96157
-32		-35		37		8.9682
-99		3		304		8.9749
-2701		332		-42		9.00146
-2694		280		313		9.00793
-2783		39		24		9.01461
-2736		-5		42		9.03673
-2760		-2		115		9.04311
-2762		-19		127		9.04974
-2709		273		374		9.05605
-21		127		64		9.06241
-2798		-41		102		9.06905
-1		-56		-103		9.07526
-2796		280		-51		9.08135
-2767		273		334		9.08775
-2718		270		277		9.09415
-2761		-1		102		9.10049
-28		-36		-115		9.10694
-3		-76		-104		9.1133
-2746		302		304		9.11973
-2760		308		267		9.12636
-28		-49		-2		9.13288
-2802		-32		343		9.13899
-2788		313		372		9.14512
-73		-9		21		9.15157
-2803		-3		381		9.15789
-128		-46		-45		9.16422
-2789		-30		51		9.17073
-2764		-11		-106		9.17702
-44		-81		81		9.18354
-32		-35		-38		9.19035
-2735		-3		-42		9.19682
-2697		278		-50		9.20294
-2771		-69		-81		9.20948
-114		-60		-88		9.21582
-2714		-6		11		9.22226
-2704		292		273		9.22864
-2793		-10		103		9.23498
-2709		-65		84		9.24144
-2741		259		55		9.24783
-77		325		345		9.25442
-2711		-27		286		9.27621
-80		284		-24		9.28253
-2739		-3		66		9.28972
-119		-8		-8		9.29607
-2703		-47		53		9.30226
-2770		-65		-45		9.30866
-88		-25		-67		9.31519
-2723		-43		16		9.33695
-125		-10		282		9.34355
-87		306		354		9.34998
-2721		-3		34		9.35623
-2693		-5		-103		9.36274
-2756		-58		26		9.36959
-2802		279		303		9.37952
-2759		-54		-111		9.38588
-2814		120		-1		9.39228
-2689		-27		-102		9.39855
-2778		-47		58		9.40491
-2755		-60		-29		9.4111
-108		106		-91		9.41749
-32		107		-11		9.42396
-16		-125		-42		9.43047
-17		-73		-26		9.43997
-71		115		-95		9.44634
-2784		-74		-72		9.45278
-16		-83		-28		9.45914
-26		-6		108		9.46559
-48		-49		124		9.47185
-57		118		-52		9.47828
-53		-77		-101		9.48474
-7		-51		34		9.49113
-2792		-4		76		9.51772
-2785		314		-52		9.52408
-2733		5		65		9.53047
-2792		257		356		9.53708
-2758		-3		307		9.54349
-2743		341		307		9.56989
-122		269		-21		9.57633
-2701		261		301		9.58305
-61		-5		68		9.5895
-2719		-41		-22		9.60086
-2768		277		-26		9.60723
-82		312		317		9.61358
-78		-25		-92		9.61999
-2689		257		332		9.62623
-33		323		299		9.63264
-105		316		312		9.63943
-114		353		350		9.64614
-2734		-41		73		9.66937
-2721		289		-96		9.67573
-2800		-19		101		9.68225
-2742		-20		-126		9.68876
-2782		-38		-97		9.69568
-12		-53		-92		9.70642
-2812		-93		-62		9.71275
-71		-83		126		9.71926
-88		98		-41		9.72587
-65		-104		-46		9.73223
-8		-111		76		9.73846
-70		-74		59		9.74483
-3042		-107		-73		9.75122
-97		-104		59		9.75775
-2791		-81		-25		9.76904
-40		-71		-10		9.77531
-3		-22		54		9.78172
-2785		-6		79		9.78815
-37		-101		15		9.79444
-16		-22		10		9.80081
-2773		-30		56		9.80724
-34		-14		-32		9.81398
-2735		277		281		9.8204
-2815		309		109		9.83101
-2749		320		263		9.83739
-2717		302		259		9.84363
-2727		-48		256		9.85008
-2689		-5		7		9.85635
-81		327		-46		9.86253
-2727		-17		-119		9.86893
-2777		281		369		9.87561
-2748		267		339		9.88505
-2790		-26		72		9.8913
-2799		-61		-118		9.89761
-2753		258		-85		9.90406
-2782		-84		-4		9.91041
-2776		106		-116		9.91682
-2794		-59		20		9.92304
-124		-41		47		9.92936
-111		-10		82		9.93597
-2694		-27		35		9.94245
-2709		359		-12		9.96743
-2727		360		265		9.97381
-2803		369		-82		9.98021
-20		365		-11		9.98678
-2808		-122		-25		9.99295
-2702		277		365		9.99923
-2773		294		-108		10.0056
-19		14		-91		10.0131
-2738		272		-43		10.0351
-2718		14		103		10.0413
-2689		-43		83		10.048
-2742		-80		-27		10.0548
-17		100		19		10.0611
-2756		126		-126		10.0853
-2708		-60		-13		10.0917
-2757		-10		-17		10.0981
-2786		-63		-62		10.1047
-2753		-64		98		10.1116
-2788		-38		-72		10.1357
-2749		265		293		10.1421
-2729		273		-3		10.1484
-2759		264		-96		10.1549
-2810		-28		-36		10.1615
-2809		-43		83		10.1872
-2761		-80		80		10.1937
-33		107		-1		10.2002
-2765		-85		-32		10.207
-2697		-63		79		10.2346
-2788		-111		117		10.241
-2717		-69		83		10.2479
-2707		-1		57		10.2542
-19		256		341		10.2772
-3		-21		375		10.2845
-2747		340		-126		10.2914
-63		303		-19		10.2983
-3026		335		304		10.3052
-28		304		325		10.3115
-2755		-84		257		10.3176
-54		331		-114		10.3241
-119		308		-123		10.3305
-36		-9		-125		10.3369
-50		360		-32		10.3432
-30		280		-68		10.3499
-2815		-67		-57		10.3569
-2749		331		300		10.3634
-2791		268		91		10.37
-75		291		-70		10.3769
-2696		309		302		10.3834
-2804		-81		-124		10.3901
-2785		-48		29		10.3977
-2803		264		281		10.4039
-2984		273		322		10.4103
-2713		306		373		10.4168
-2816		-14		315		10.4231
-2716		273		-118		10.4295
-117		342		-4		10.4358
-87		293		-122		10.442
-2737		-62		49		10.4485
-2770		-85		-15		10.4552
-60		-21		276		10.4617
-74		269		322		10.4686
-91		-48		-13		10.4749
-2738		-49		60		10.4813
-2716		-57		73		10.4879
-2711		-47		-85		10.4942
-70		-81		9		10.5006
-2705		124		72		10.5071
-2748		-116		-101		10.5135
-2750		92		48		10.525
-113		-103		0		10.5314
-2726		-56		-39		10.5379
-124		105		-8		10.5444
-2704		-85		87		10.5508
-31		91		81		10.5571
-2742		-63		49		10.5635
-2815		-73		60		10.5699
-42		-57		33		10.5768
-24		-75		-50		10.5854
-15		-74		9		10.5917
-2791		-36		-95		10.5983
-2766		6		40		10.6048
-2790		284		310		10.6113
-2794		297		-114		10.6175
-66		-7		67		10.6239
-2769		-4		21		10.6302
-2697		285		299		10.6387
-2752		311		-120		10.6452
-4		279		337		10.6558
-43		291		-34		10.6622
-2740		301		295		10.6686
-21		261		275		10.6751
-2801		320		-15		10.6815
-128		305		-63		10.6881
-2707		-103		-77		10.6947
-2739		298		-74		10.7012
-120		333		-28		10.7081
-10		315		-34		10.7146
-2721		366		259		10.7207
-117		379		265		10.7272
-2694		306		-127		10.7551
-2727		268		306		10.7616
-2805		271		-88		10.7681
-2706		299		-90		10.7743
-96		332		343		10.7807
-2807		-30		-81		10.7986
-2717		-32		32		10.8051
-2711		-72		77		10.8114
-9		-120		95		10.8178
-2775		-89		27		10.8242
-2762		-42		93		10.8307
-36		122		106		10.8376
-2737		-42		-124		10.8453
-2781		-97		86		10.8515
-39		-99		68		10.8579
-2754		-118		22		10.8644
-2742		125		38		10.8708
-100		-112		-78		10.8771
-2795		-45		-115		10.8835
-33		-117		78		10.8898
-2783		-103		82		10.8964
-2802		-60		-2		10.903
-2761		-25		65		10.91
-2715		-37		-123		10.9356
-2741		-69		-72		10.942
-2726		-32		-89		10.9485
-2792		-114		83		10.9549
-18		-62		-103		10.9613
-2745		-101		123		10.9754
-2728		260		332		10.982
-2739		-58		77		10.9895
-2804		-10		-62		10.9962
-2776		256		307		11.0028
-2710		259		-31		11.009
-2700		369		-122		11.0156
-2797		-4		101		11.0226
-2776		281		337		11.034
-2747		340		-123		11.0405
-2812		-44		30		11.0467
-2691		344		373		11.0533
-104		336		278		11.0596
-2778		302		-63		11.0659
-2770		335		-115		11.0721
-14		271		332		11.0787
-10		280		-55		11.0854
-2811		293		331		11.0951
-2804		-62		8		11.1016
-61		-66		-44		11.108
-2802		-36		-65		11.1143
-2802		-69		-100		11.1207
-2788		-1		10		11.1273
-47		-11		71		11.134
-2720		-41		-30		11.1403
-2736		-61		-76		11.1469
-2743		0		-59		11.1537
-2793		-6		116		11.164
-2768		264		267		11.1703
-2785		-51		-83		11.1767
-2769		-78		28		11.183
-2805		280		302		11.1898
-2738		266		-40		11.1962
-2787		-62		96		11.2027
-2722		-33		120		11.2091
-2785		-50		21		11.2156
-2791		112		60		11.2219
-2758		-60		66		11.2371
-2711		-43		-1		11.2484
-9		-104		-7		11.2549
-15		-42		-112		11.2612
-2785		259		-57		11.2676
-76		-39		122		11.274
-2731		-45		-51		11.2805
-2747		-31		-101		11.2868
-3015		265		309		11.2981
-1		-28		-89		11.3044
-2727		-1		-8		11.3108
-3041		262		279		11.3171
-2803		-27		32		11.3235
-2777		-55		-127		11.3298
-2694		-48		-73		11.3363
-2761		-68		-98		11.3428
-2740		277		304		11.3539
-9		262		-77		11.3606
-2768		-11		120		11.3678
-2809		276		305		11.3745
-2723		351		-98		11.381
-2737		264		28		11.3874
-12		-92		114		11.3937
-2762		-5		-115		11.4001
-2694		292		282		11.4064
-2751		285		-45		11.4131
-2787		271		259		11.4197
-2704		311		311		11.4261
-2781		319		314		11.4363
-2731		331		280		11.4427
-2766		283		123		11.4491
-2993		256		354		11.4554
-2733		301		-38		11.462
-2713		-4		-50		11.4687
-2776		-3		-28		11.475
-46		-86		62		11.4815
-2722		-9		-93		11.4881
-53		-44		84		11.4944
-2810		262		125		11.5011
-3063		-111		-123		11.5075
-2787		-69		62		11.5184
-2742		-70		37		11.5246
-2794		-106		17		11.531
-2716		-59		-113		11.5374
-2740		-21		63		11.5438
-2800		-36		57		11.5501
-2755		-69		-91		11.5564
-2764		125		54		11.5628
-2805		-97		-84		11.5694
-2744		-7		31		11.5762
-101		264		37		11.583
-2713		-49		-61		11.5928
-2694		-45		110		11.5991
-2764		-84		-29		11.6057
-2735		-19		12		11.612
-2765		-14		70		11.6184
-2731		288		326		11.6248
-2754		-24		-102		11.6311
-2714		258		305		11.6374
-2691		271		-6		11.6439
-2804		-33		372		11.6506
-2742		271		342		11.6732
-2782		267		-107		11.6796
-2779		306		-124		11.6865
-2757		274		355		11.6928
-2752		300		-107		11.6991
-2700		358		358		11.7057
-13		295		81		11.7122
-2775		-57		85		11.734
-2752		271		318		11.7405
-102		-2		27		11.7469
-22		-15		35		11.7535
-2722		-3		-67		11.7599
-2703		-30		-31		11.7664
-2715		316		-100		11.7726
-2762		273		101		11.7789
-44		-56		21		11.7854
-2711		-30		60		11.792
-14		-56		26		11.7993
-2763		-36		81		11.8077
-2773		-6		-12		11.8158
-2793		-31		320		11.8222
-2731		-52		61		11.8286
-2745		-23		115		11.8351
-2809		-46		34		11.8419
-33		-18		104		11.8482
-111		-94		-38		11.8545
-2750		-36		66		11.8619
-2794		-30		85		11.8722
-2796		-54		84		11.8786
-2743		-73		-127		11.885
-2797		-46		-50		11.8913
-2792		-84		313		11.8976
-2755		-18		-113		11.904
-2710		-10		-5		11.9103
-10		-81		62		11.9168
-2797		-33		-19		11.9236
-2757		-42		110		11.9299
-2730		-14		107		11.9516
-115		271		323		11.958
-127		-12		102		11.9645
-2718		256		334		11.971
-121		-17		10		11.9774
-2689		-19		120		11.9844
-2758		-17		78		12.0009
-44		-8		104		12.0168
-2797		-39		80		12.0232
-2799		-31		-121		12.0298
-2729		274		24		12.0361
-2791		-1		58		12.0445
-2752		-42		122		12.051
-2802		-30		-10		12.0574
-31		-38		-102		12.0638
-2796		259		-89		12.0701
-2999		-21		84		12.0765
-2806		-28		-7		12.0829
-2763		284		-87		12.0896
-2787		-7		47		12.0962
-2804		-7		-48		12.1025
-2814		272		329		12.1086
-24		-5		87		12.115
-2782		266		298		12.1214
-2750		312		-23		12.1277
-2757		-30		0		12.134
-2765		284		284		12.1403
-2757		285		359		12.1465
-2792		263		-125		12.1532
-25		-41		35		12.16
-2795		-16		-81		12.1817
-2767		-66		-60		12.1882
-2758		9		-18		12.1946
-2779		-1		-40		12.2009
-2806		-37		-63		12.2074
-2807		272		350		12.2142
-2764		-4		92		12.2411
-2795		275		-71		12.2474
-2797		294		319		12.2538
-2740		-32		299		12.2604
-2695		278		272		12.2705
-2697		308		322		12.277
-2767		-13		-36		12.2835
-2718		43		90		12.2901
-2732		-70		-110		12.2964
-2709		-7		-17		12.3026
-93		258		117		12.309
-2796		-65		56		12.3155
-2717		-67		15		12.3222
-2751		-5		-85		12.3437
-2805		-102		108		12.3501
-2779		-65		76		12.3563
-24		-59		120		12.3627
-48		-59		-27		12.3694
-2762		-83		10		12.376
-2790		-28		11		12.4002
-25		-59		47		12.4068
-31		-31		77		12.4131
-42		-86		33		12.4196
-77		-67		49		12.4263
-2792		-49		125		12.4439
-2805		258		-20		12.4503
-2719		337		367		12.4568
-2805		305		-45		12.4632
-2716		-32		-47		12.4694
-2790		256		-108		12.4761
-2772		277		-77		12.4828
-2770		279		356		12.4939
-2730		47		-41		12.5004
-2725		263		291		12.5069
-2732		-38		368		12.5134
-2756		-51		110		12.5199
-2729		328		372		12.526
-2733		310		-83		12.5326
-2746		295		381		12.5395
-2803		327		383		12.55
-2707		277		13		12.5565
-2704		329		267		12.5631
-2815		288		326		12.5695
-2700		287		340		12.576
-2803		296		-111		12.5824
-2711		300		325		12.5887
-48		-34		27		12.5952
-2812		266		324		12.602
-3018		-13		85		12.6084
-43		-84		43		12.6351
-78		-66		22		12.6418
-2813		-71		373		12.6483
-2703		272		-33		12.6548
-2783		-23		-99		12.6813
-2759		-1		-100		12.6877
-1		-55		60		12.6943
-2793		-18		273		12.7008
-2711		7		-117		12.7108
-2814		-41		-54		12.7172
-2724		278		293		12.7235
-2794		-66		3		12.7298
-2808		-52		-121		12.7362
-2735		-26		-121		12.7428
-2767		-14		-6		12.7492
-2697		-27		-39		12.7556
-2689		-43		350		12.7624
-2737		-19		109		12.7721
-97		-88		-116		12.7784
-2754		104		-64		12.7848
-2730		-100		19		12.7912
-86		281		-51		12.7975
-2701		-15		-19		12.804
-2764		-24		-103		12.8102
-95		-17		45		12.817
-8		-59		118		12.8236
-2728		-19		76		12.83
-2715		-29		22		12.855
-2735		264		272		12.8614
-2790		262		-17		12.8678
-59		282		370		12.8744
-2793		-34		325		12.881
-54		273		353		12.9039
-89		-64		19		12.9103
-73		293		-83		12.9167
-126		319		359		12.9232
-2776		272		311		12.93
-49		317		303		12.9362
-2802		-33		83		12.943
-41		283		293		12.9494
-2803		267		262		12.9557
-6		280		-126		12.9621
-2765		-19		-46		12.9685
-2718		-8		-33		12.9751
-14		-4		29		12.9813
-2770		-29		58		12.9878
-2699		296		-126		12.9946
-2691		273		91		13.0012
-2775		-17		-96		13.0075
-2766		-16		96		13.0137
-2787		-22		103		13.02
-2741		-50		-85		13.0286
-39		310		14		13.0349
-2698		283		330		13.0414
-2700		-15		122		13.0477
-2708		262		281		13.0646
-2698		-6		86		13.071
-2741		-95		301		13.0775
-2695		290		-117		13.0839
-2788		-115		-38		13.0903
-2753		-42		-45		13.0969
-2734		-82		-118		13.1038
-2713		-35		-124		13.1101
-2749		13		98		13.1164
-2771		-71		78		13.1313
-2774		-7		37		13.1375
-89		301		285		13.1439
-112		271		-106		13.1503
-2768		-64		18		13.1565
-2787		-24		59		13.1628
-2763		-21		31		13.1714
-2758		266		318		13.1779
-2781		-35		-120		13.2042
-2795		-8		-52		13.2106
-2772		-55		97		13.2171
-2785		266		376		13.2233
-18		-39		-103		13.2296
-2801		-27		-67		13.2393
-2787		316		-57		13.2456
-67		274		372		13.2521
-71		-49		102		13.2586
-11		-20		80		13.265
-52		-13		106		13.2714
-123		286		78		13.2776
-2763		-20		-32		13.284
-2773		-38		-75		13.2908
-2755		-15		82		13.2995
-2757		265		366		13.3058
-24		259		-111		13.3123
-2764		-19		51		13.3187
-38		-47		-112		13.3252
-2723		-59		-39		13.3317
-2772		298		-37		13.3379
-2728		-4		-89		13.3443
-113		325		-25		13.3507
-85		322		293		13.3573
-2706		-15		127		13.3801
-2743		-2		-17		13.3866
-2730		-46		327		13.3928
-2732		-33		83		13.3991
-2740		285		321		13.4056
-2731		267		-102		13.4121
-2730		269		-107		13.4216
-2726		-6		64		13.428
-3		-93		-105		13.4344
-2799		-82		296		13.4409
-2756		-50		35		13.4475
-119		-59		-112		13.4538
-2773		-78		38		13.4605
-2741		282		354		13.4669
-2689		290		8		13.4733
-2802		281		362		13.4799
-2784		-14		11		13.5029
-2795		-18		67		13.5094
-1		-47		-40		13.5157
-9		-32		68		13.5222
-2746		267		-44		13.5289
-43		-49		-121		13.5353
-2723		277		362		13.5439
-20		-53		-124		13.5502
-10		-40		-95		13.5567
-2793		-84		-122		13.5632
-2816		-31		-51		13.5696
-2799		-86		-30		13.5758
-25		-89		-42		13.5822
-2786		-84		-63		13.5887
-93		-119		124		13.5951
-9		110		97		13.6225
-103		-53		114		13.6291
-2761		-15		1		13.6355
-2703		-18		-63		13.6419
-2753		-57		-7		13.6691
-2782		-52		-39		13.6755
-2689		258		383		13.682
-2752		-22		-97		13.6887
-2764		261		-59		13.6986
-2776		321		297		13.7049
-2768		257		-62		13.7113
-2808		275		80		13.7177
-2778		-30		111		13.7241
-2689		300		364		13.7305
-2736		-50		31		13.7367
-91		-44		47		13.7433
-84		-28		-76		13.7499
-2691		-35		98		13.7592
-2707		-26		57		13.7658
-2707		265		320		13.7723
-2766		-46		-73		13.7788
-2699		-31		-124		13.7888
-2728		-30		106		13.7949
-120		-74		122		13.8012
-2709		-84		-91		13.8073
-2741		-76		77		13.8137
-2814		-53		-122		13.8404
-59		269		338		13.8468
-19		-22		-1		13.8534
-44		271		-64		13.8602
-83		22		59		13.8666
-2963		-43		-120		13.8926
-2802		-21		59		13.8989
-2		373		288		13.9055
-108		-9		-6		13.9121
-81		265		303		13.9213
-88		333		-42		13.9278
-2774		-91		312		13.9342
-91		-13		-12		13.9408
-75		-20		301		13.9471
-51		-10		26		13.9534
-2771		272		287		13.9598
-2790		-11		-69		13.9664
-2808		-33		-104		13.9731
-2743		310		-38		13.9817
-2718		-83		8		13.988
-107		301		321		13.9943
-51		-70		51		14.0006
-2704		-16		-53		14.007
-2703		300		74		14.0136
-122		-14		119		14.0198
-94		298		-108		14.0263
-58		15		-108		14.033
-103		-101		-109		14.0473
-107		-65		-65		14.0632
-33		-97		-37		14.0697
-110		-6		25		14.0762
-49		-81		49		14.0829
-2715		-35		127		14.0893
-2741		-106		11		14.1005
-2718		-71		107		14.1071
-2749		-73		88		14.1135
-3032		-93		4		14.1199
-2691		-30		2		14.1263
-4		-82		-15		14.1325
-4		-95		10		14.139
-43		-26		-21		14.1457
-2802		-3		24		14.1671
-120		-85		5		14.1736
-2798		-100		265		14.1804
-6		-92		-93		14.1866
-2755		296		-37		14.193
-2788		-50		95		14.1996
-2710		-42		50		14.2079
-2769		289		42		14.2141
-2735		-30		98		14.2205
-2719		-8		105		14.2269
-2756		297		-50		14.2333
-2701		265		-91		14.2396
-2761		300		-96		14.2458
-2808		-19		-3		14.2522
-2762		374		-125		14.2588
-2706		357		-112		14.2656
-2755		275		267		14.2912
-2		267		-53		14.2976
-43		-42		-88		14.3039
-2805		-69		-74		14.3107
-5		-32		-100		14.3171
-72		-4		-13		14.3323
-13		-39		-23		14.3387
-44		-46		-96		14.3477
-2746		-6		-107		14.354
-2750		-79		-55		14.3601
-2751		-55		-71		14.3664
-2789		-33		124		14.3767
-2726		267		-15		14.3831
-2806		-53		111		14.3898
-2773		83		108		14.3961
-2730		-50		78		14.4024
-2713		-16		60		14.4087
-11		-53		70		14.4151
-2813		-115		39		14.4217
-2756		312		117		14.4283
-119		-8		54		14.45
-102		266		-54		14.4566
-101		-103		362		14.4629
-31		275		296		14.4693
-2701		256		-83		14.4758
-2782		-49		44		14.4823
-103		307		371		14.4889
-86		-18		-117		14.4954
-102		-43		113		14.5117
-2695		265		301		14.518
-2713		-24		-58		14.5243
-97		261		-41		14.5306
-2735		260		278		14.5369
-2775		-64		101		14.5433
-2967		-13		-115		14.55
-2783		274		-100		14.5564
-23		-10		-17		14.5796
-68		-7		118		14.5865
-111		-38		-93		14.5926
-2976		-86		55		14.599
-2811		267		-36		14.6057
-2960		-78		-98		14.6168
-77		-33		44		14.6231
-42		-14		71		14.6297
-25		277		379		14.6362
-2757		300		115		14.6433
-2950		-35		-93		14.6496
-67		-52		100		14.6561
-14		-42		-22		14.6627
-2751		-53		122		14.6694
-8		-46		12		14.6799
-2760		-14		-121		14.6862
-2730		263		364		14.6925
-2808		-37		1		14.699
-2703		-67		41		14.7056
-2708		287		268		14.7121
-111		260		275		14.7186
-2787		-44		349		14.7252
-2709		-72		15		14.7319
-51		-107		296		14.7382
-71		294		-29		14.7534
-72		-13		-94		14.7598
-42		271		358		14.7661
-56		292		43		14.7726
-54		277		-116		14.7789
-73		285		-127		14.7854
-2696		-13		108		14.7919
-95		-35		-86		14.7984
-2722		-3		-122		14.8096
-2726		298		-50		14.816
-84		-100		-65		14.8222
-114		-66		-120		14.829
-79		20		-96		14.8354
-2776		-35		-32		14.8416
-2765		118		27		14.848
-2711		-114		-84		14.8544
-12		-36		51		14.8607
-38		305		279		14.8695
-7		-109		56		14.8759
-2803		-86		51		14.8823
-3063		262		358		14.8888
-2761		-107		-40		14.8953
-52		315		15		14.9015
-2971		-118		53		14.9078
-13		-73		120		14.9143
-3022		352		298		14.9208
-2959		280		-20		14.9272
-2725		367		-11		14.9417
-112		300		83		14.9489
-2734		-53		81		14.9552
-2806		-24		86		14.9616
-2809		-93		-36		14.9681
-78		70		-126		14.9743
-1		-124		-31		14.9807
-2987		-66		291		14.9871
-2436		-64		-97		15.0095
-114		-82		-46		15.0161
-9		300		-120		15.0224
-99		-23		-112		15.0289
-2799		69		93		15.0356
-2816		63		39		15.0422
-2758		-89		45		15.0484
-116		257		63		15.0546
-2711		-31		-71		15.0612
-112		369		293		15.0676
-2693		371		271		15.074
-66		383		-12		15.0803
-6		-82		-59		15.0868
-36		330		333		15.0932
-2803		-94		101		15.0999
-2958		94		-53		15.1062
-2980		-113		-48		15.1124
-8		-112		18		15.1188
-89		-89		67		15.1252
-2974		-15		-67		15.1318
-2732		288		379		15.1382
-2693		371		356		15.1446
-2696		321		-58		15.1511
-2734		-82		56		15.1575
-2723		278		-71		15.1641
-95		116		57		15.1878
-45		-82		55		15.1941
-38		-124		77		15.2005
-2703		-64		72		15.2068
-2762		274		349		15.2134
-2720		-44		74		15.2199
-25		-62		-13		15.2305
-7		-113		-100		15.2368
-2956		122		106		15.2431
-2965		-10		6		15.2496
-40		342		301		15.256
-127		359		263		15.2624
-27		348		-118		15.269
-4		345		290		15.2756
-88		33		56		15.2971
-2978		59		58		15.3035
-18		-120		44		15.31
-84		285		-35		15.3165
-90		328		-6		15.3229
-2693		-64		-7		15.3297
-2462		-50		283		15.3383
-23		-110		315		15.3445
-2450		329		256		15.3509
-57		-37		39		15.3572
-2554		116		94		15.3636
-2779		78		-215		15.3699
-2732		71		-116		15.3762
-109		37		-43		15.3827
-70		-95		-14		15.3894
-86		-26		-31		15.4154
-56		-107		-72		15.4219
-33		275		301		15.4284
-4		105		27		15.4351
-102		72		-78		15.4419
-107		-26		12		15.4669
-16		348		284		15.4732
-2709		-40		330		15.4796
-2461		-92		-20		15.4862
-37		314		303		15.4948
-91		-35		88		15.501
-2715		271		-68		15.5075
-2725		99		118		15.5139
-2806		75		8		15.5206
-60		-31		-62		15.527
-2758		-93		-66		15.5333
-2950		-21		44		15.5396
-67		-61		365		15.5461
-2692		314		-16		15.5526
-100		362		322		15.5592
-121		331		276		15.5654
-33		290		374		15.5719
-2779		-32		-1		15.5783
-2796		-98		-16		15.5852
-125		95		-75		15.5917
-3002		104		19		15.598
-53		102		20		15.6048
-2816		-38		94		15.6112
-2739		336		93		15.6178
-2522		263		-59		15.6241
-2544		263		-28		15.6303
-2559		316		-15		15.6377
-2507		275		373		15.644
-2705		-25		80		15.6504
-2784		50		-111		15.6666
-3055		120		62		15.6729
-3065		-13		88		15.6793
-2980		370		-67		15.6859
-62		-97		294		15.6922
-2479		-42		312		15.6988
-21		-20		25		15.7054
-80		285		349		15.7118
-94		-64		-74		15.7181
-86		-14		-217		15.7244
-59		-138		-129		15.7307
-8		-159		-245		15.7373
-3567		-3		-431		15.7435
-3516		-58		-106		15.7548
-114		545		-63		15.7613
-12		858		-67		15.7679
-1981		1048		1115		15.7743
-28		-37		592		15.788
-6		546		343		15.7944
-9		50		35		15.8008
-2747		-61		-684		15.8073
-126		-920		-940		15.8137
-97		-971		-910		15.8201
-39		-5		-90		15.8269
-4248		-35		68		15.8333
-2980		583		623		15.8396
-2196		1086		-86		15.846
-1679		-126		1568		15.8522
-30		-19		1108		15.8586
-56		-44		778		15.8677
-45		524		-83		15.8742
-19		31		-46		15.8805
-81		-12		-959		15.8867
-4280		-47		-1216		15.8931
-128		-56		-975		15.8994
-89		-35		-64		15.9057
-3239		-66		-116		15.9122
-82		361		-1		15.9186
-128		-36		791		15.9252
-50		879		-65		15.9317
-88		612		535		15.9502
-95		-139		-80		15.9639
-101		-171		-223		15.9701
-56		-103		-735		15.9763
-50		-507		-452		15.9827
-62		-204		-15		15.989
-2754		256		-89		15.9966
-76		-90		584		16.003
-39		626		-100		16.0109
-62		-100		-24		16.0171
-69		587		332		16.0234
-89		305		266		16.0299
-3		-116		109		16.0364
-46		-1		-99		16.0429
-127		-3		101		16.0494
-23		-27		-34		16.0558
-2559		353		309		16.0623
-2251		303		382		16.069
-39		77		-74		16.0868
-3268		-18		-96		16.0931
-3319		294		277		16.1012
-57		-78		78		16.1074
-11		-22		6		16.1136
-116		-108		513		16.1198
-2558		585		-82		16.126
-33		517		-128		16.1324
-2967		1		10		16.156
-82		-114		-62		16.1624
-3465		-107		-111		16.1687
-3041		-121		-38		16.1752
-2807		122		370		16.1818
-2694		601		573		16.2069
-2186		572		-91		16.2134
-2278		-55		-79		16.2199
-24		-90		-15		16.2268
-109		-71		-243		16.2353
-3286		-46		-149		16.2416
-3038		-19		-95		16.2481
-2761		-9		-6		16.2543
-2711		-12		-59		16.2607
-69		-27		-52		16.2671
-28		375		-85		16.2734
-1		-12		286		16.2799
-2250		571		354		16.2865
-85		350		-100		16.2947
-2717		-8		-27		16.3009
-3047		76		-113		16.3074
-2994		123		-14		16.3139
-111		-93		-27		16.3204
-29		-98		-100		16.3268
-126		-27		41		16.3331
-32		-121		46		16.3395
-2959		-74		3		16.3462
-2709		314		366		16.3526
-128		-68		1		16.3747
-3070		124		-5		16.3811
-127		278		264		16.3874
-2558		-120		11		16.3936
-32		74		95		16.4002
-37		71		-115		16.4069
-78		72		-79		16.4341
-24		-108		-84		16.4405
-3019		277		-38		16.4471
-3006		-1		311		16.4539
-2710		-79		-43		16.465
-2775		-116		-128		16.4714
-2804		280		4		16.4778
-3043		-64		-7		16.4842
-70		-64		70		16.4906
-2730		294		-114		16.497
-53		-95		44		16.5034
-2702		285		-123		16.5098
-75		-45		-71		16.5164
-25		-20		74		16.5225
-2710		-115		-44		16.5288
-2452		-67		296		16.5351
-14		-33		50		16.5417
-2699		357		-105		16.5482
-71		15		-32		16.5544
-3020		-27		79		16.5608
-2741		356		-74		16.5672
-2435		-117		-119		16.5736
-8		-102		-55		16.5839
-21		-27		77		16.5901
-9		286		-47		16.5965
-107		-126		-112		16.6029
-2465		125		-39		16.6093
-2532		-114		-82		16.6159
-61		-52		-23		16.6221
-2998		274		-36		16.6286
-3059		311		40		16.6355
-104		-100		94		16.6418
-71		33		28		16.6581
-55		2		-82		16.6645
-18		111		109		16.6746
-2521		-111		107		16.6809
-2743		-5		14		16.687
-2486		-195		-45		16.6933
-13		-32		352		16.6998
-11		-252		-201		16.7083
-106		-43		-48		16.7148
-2285		-105		-126		16.7212
-2537		-70		36		16.7277
-87		-54		25		16.7342
-116		-118		-94		16.7404
-71		-59		-65		16.7468
-2961		-15		106		16.7533
-2458		-106		32		16.7599
-88		-7		-225		16.7682
-73		89		23		16.7746
-46		322		376		16.7809
-102		270		32		16.7873
-79		598		-2		16.7937
-116		-109		-109		16.8001
-2532		-13		-10		16.8063
-95		-43		-10		16.8127
-94		62		-122		16.8193
-2714		-43		87		16.8424
-2541		-66		-115		16.8489
-3068		-81		104		16.8554
-67		-174		-218		16.8616
-83		273		-43		16.8682
-2465		356		-93		16.875
-10		-34		-64		16.8838
-2812		351		321		16.8901
-114		118		-16		16.8965
-109		110		258		16.9029
-70		343		273		16.9093
-2494		-50		103		16.9157
-2703		360		339		16.9221
-2794		-109		14		16.9287
-67		267		-47		16.9358
-112		91		-45		16.9628
-112		-122		-29		16.9692
-50		-94		20		16.9757
-2777		376		342		16.9822
-101		-27		-118		16.9887
-3014		260		356		17.0164
-2554		95		-30		17.0231
-2489		101		114		17.0297
-2966		292		288		17.0531
-10		260		-34		17.0596
-1		-20		-76		17.0659
-81		295		-30		17.0724
-33		112		-27		17.0789
-3036		371		-35		17.0855
-2945		368		-84		17.0916
-2444		273		91		17.0979
-14		-70		-120		17.1042
-115		-50		31		17.1106
-2720		333		-36		17.117
-71		287		-99		17.1234
-2525		-57		285		17.1298
-59		-26		343		17.1362
-5		-46		-51		17.1431
-19		374		377		17.1494
-100		258		-118		17.1555
-37		319		-112		17.1619
-2501		269		-5		17.1683
-2446		-25		-3		17.1746
-26		312		330		17.1809
-78		-104		362		17.1872
-2787		-23		-7		17.1935
-2770		-72		-102		17.2001
-2232		328		-122		17.2069
-70		-93		300		17.2133
-2725		-117		102		17.2194
-21		279		-106		17.2257
-1		-76		-20		17.2322
-18		-12		101		17.2387
-2435		-93		-95		17.2452
-2798		45		-106		17.2516
-113		-46		66		17.2579
-89		-87		-89		17.2643
-78		286		260		17.2712
-2545		91		10		17.2822
-81		-47		36		17.2885
-2996		46		46		17.2949
-112		108		-23		17.3014
-3023		-114		-43		17.3078
-2715		-13		-116		17.3141
-50		-76		-132		17.3204
-17		-32		-61		17.3271
-2961		37		-79		17.3335
-50		121		62		17.3425
-122		-57		33		17.3486
-30		100		-51		17.3549
-84		72		33		17.3613
-2962		-20		11		17.3677
-122		-59		-115		17.3744
-26		-31		8		17.3808
-111		267		296		17.3872
-2535		-67		375		17.3937
-2813		-57		118		17.4002
-98		370		-98		17.4233
-23		-57		38		17.4297
-35		-117		316		17.4359
-1		304		360		17.4423
-2977		-125		371		17.449
-2538		382		-126		17.4555
-2201		337		368		17.4659
-60		-56		44		17.4725
-34		375		302		17.4789
-2812		-84		322		17.4855
-2439		-125		-106		17.492
-2211		287		311		17.4982
-111		-42		-59		17.5045
-88		-31		39		17.511
-12		-83		96		17.518
-72		102		-42		17.5249
-86		344		-30		17.5313
-3013		93		-91		17.5544
-55		-54		-57		17.5609
-2730		7		-23		17.5672
-2708		49		91		17.5736
-3015		-4		-55		17.5803
-123		-1		-36		17.5868
-2714		93		98		17.6126
-2986		-128		0		17.6193
-3214		276		330		17.6256
-3251		-2		-122		17.6321
-3208		359		266		17.6387
-79		-19		333		17.6624
-101		-25		-89		17.6688
-2696		-23		330		17.6752
-26		-69		-12		17.6816
-2729		110		104		17.6883
-65		322		383		17.7123
-2290		266		-17		17.7188
-2560		304		-109		17.7251
-87		313		-118		17.7316
-2795		-108		341		17.7382
-2559		-47		-31		17.7642
-2721		295		-124		17.7706
-66		270		-73		17.7771
-41		-111		263		17.7838
-51		-121		-24		17.795
-67		-54		49		17.8015
-99		324		-36		17.8078
-3062		265		-32		17.8142
-60		-56		259		17.8207
-2435		-116		94		17.827
-2735		19		92		17.8334
-72		-123		-84		17.8401
-2981		113		-112		17.8464
-107		256		-66		17.8526
-12		-34		90		17.859
-100		119		-54		17.8653
-2788		-116		-58		17.8717
-116		127		29		17.8781
-3044		271		329		17.8846
-35		-26		-103		17.891
-51		-30		14		17.8975
-2493		-126		36		17.9041
-116		342		-64		17.9311
-13		50		-124		17.9375
-2728		95		-104		17.9441
-82		-78		12		17.9504
-97		-19		338		17.9569
-2701		-26		-13		17.9838
-55		-39		120		17.9901
-3037		-125		8		17.9968
-2537		76		124		18.0031
-19		-53		6		18.0247
-123		-64		-101		18.031
-9		-19		-69		18.0375
-2516		278		121		18.044
-2436		355		305		18.0505
-3014		367		-29		18.0706
-2738		-117		36		18.0772
-117		119		33		18.0836
-28		-128		-45		18.0902
-2706		-74		27		18.0965
-116		-69		88		18.1029
-17		-26		6		18.1095
-2505		-78		-127		18.1158
-70		-93		-1		18.1219
-17		-15		67		18.1283
-2952		117		-18		18.1347
-3032		256		-43		18.141
-2706		342		-72		18.1474
-2492		325		56		18.1538
-2805		-71		-53		18.1604
-113		297		-50		18.1668
-2974		-95		-86		18.1734
-3012		-27		124		18.1796
-2554		-21		305		18.1858
-60		-21		46		18.1922
-43		-107		-80		18.1985
-2769		-88		-118		18.2049
-2964		-4		-60		18.2113
-17		331		297		18.2176
-2744		313		-76		18.2242
-35		-60		23		18.2307
-89		296		269		18.2372
-111		-77		-82		18.2437
-81		-31		353		18.2501
-2450		-5		63		18.2604
-2494		-68		-70		18.2669
-2718		-26		67		18.2732
-2981		-79		-82		18.2799
-56		123		4		18.2863
-2989		326		-50		18.2927
-2536		-98		-120		18.2991
-127		117		37		18.3056
-2807		261		338		18.3123
-2956		263		-20		18.3188
-24		-80		-106		18.3252
-36		347		320		18.3316
-2220		-76		98		18.3379
-2477		347		261		18.3442
-91		-76		91		18.3505
-12		-56		19		18.357
-2992		273		-120		18.3637
-2481		-17		17		18.373
-89		-124		125		18.3795
-2701		-36		27		18.3859
-65		-6		-90		18.3924
-2986		-4		-46		18.3989
-45		-100		323		18.4056
-2482		-82		-70		18.4119
-22		-54		92		18.4182
-21		-122		-2		18.4246
-61		-52		-66		18.431
-2789		-1		67		18.4376
-2456		330		287		18.4439
-2456		-108		-58		18.4504
-2786		288		277		18.457
-28		-85		93		18.4632
-2973		123		0		18.4696
-2725		-87		-127		18.4782
-2752		-29		109		18.4848
-3049		308		297		18.5115
-2713		-121		104		18.5178
-77		73		63		18.5243
-2809		-18		-19		18.5306
-65		-112		-58		18.5368
-59		-22		19		18.5432
-28		301		-111		18.5525
-98		-121		-116		18.5589
-55		-3		-114		18.5654
-3016		303		-116		18.5719
-9		-91		-29		18.5783
-5		-82		-10		18.5845
-95		276		-64		18.5909
-29		-76		-89		18.5975
-2765		-8		118		18.6041
-95		273		271		18.6133
-25		87		-32		18.6197
-2462		320		-18		18.6262
-46		268		374		18.6326
-105		-6		123		18.6391
-2747		-30		-8		18.6453
-119		373		-7		18.6516
-2699		-103		-115		18.6581
-2448		275		-92		18.6645
-108		-14		-31		18.6911
-56		-31		-25		18.6975
-125		106		28		18.7039
-126		-3		-80		18.7102
-2746		-85		-114		18.7166
-34		-60		40		18.7411
-72		-5		-89		18.7474
-2975		-85		85		18.7539
-72		259		-8		18.7604
-75		-77		259		18.7694
-70		109		124		18.7757
-2694		-94		-110		18.7821
-2784		24		-102		18.7885
-3025		76		53		18.795
-15		285		337		18.8013
-128		299		-78		18.8076
-2759		47		-112		18.8141
-40		267		-93		18.8208
-115		-19		38		18.8288
-98		-62		72		18.8351
-13		-80		-77		18.8416
-2470		-24		2		18.8479
-94		274		-53		18.8542
-2765		106		-76		18.8607
-8		-111		69		18.867
-3022		292		-98		18.8736
-2555		107		-31		18.8803
-118		115		-72		18.8868
-2994		-110		-23		18.9008
-3071		284		-81		18.9073
-87		349		-91		18.9148
-74		-16		-53		18.9213
-4		58		82		18.9279
-36		-57		34		18.9342
-58		-77		-15		18.9405
-2975		285		312		18.9469
-2715		-33		-73		18.9679
-40		113		3		18.9743
-85		-79		374		18.9807
-71		-124		373		18.9869
-2466		287		-124		18.9933
-76		-82		-5		18.9998
-9		-52		-78		19.0063
-104		-123		98		19.0126
-87		299		28		19.0204
-2795		0		63		19.0427
-2946		113		34		19.0492
-3063		-104		-51		19.0554
-2713		-122		-42		19.0618
-11		90		37		19.0685
-2756		111		-93		19.0749
-2951		277		-74		19.0841
-34		310		-50		19.0905
-2703		293		-76		19.0971
-7		-110		-37		19.1036
-55		283		-2		19.11
-73		-36		-55		19.1162
-27		299		-86		19.1227
-98		-73		-50		19.1295
-84		-96		57		19.1392
-2695		-41		-102		19.1456
-89		-90		-126		19.152
-86		-121		67		19.1584
-3008		-18		50		19.1647
-117		347		-35		19.1713
-65		112		-66		19.1776
-35		-57		25		19.1844
-2809		127		-70		19.1909
-42		-124		-52		19.1973
-74		-96		-128		19.2133
-13		-51		-119		19.2196
-116		-86		-32		19.226
-62		84		108		19.2323
-3072		261		287		19.2386
-37		-71		104		19.2453
-2465		114		105		19.2517
-11		-34		-40		19.2618
-3053		-108		126		19.2681
-2961		-33		26		19.2746
-110		-99		262		19.2812
-2731		103		-90		19.2877
-2803		-5		47		19.2939
-2728		-37		-82		19.3003
-12		-32		-30		19.3068
-45		306		-99		19.3133
-2458		-105		-95		19.3216
-2737		-126		22		19.328
-23		106		-13		19.3343
-127		-85		-53		19.3409
-2974		-63		-92		19.3473
-2791		300		262		19.3537
-2460		-44		42		19.3599
-91		-40		-102		19.3662
-111		-111		-31		19.3728
-2953		60		40		19.3794
-2694		315		-127		19.4027
-2778		-43		371		19.4093
-10		264		-14		19.4155
-2798		293		-56		19.4219
-3		380		-19		19.4285
-2795		-17		71		19.4377
-24		273		290		19.444
-7		115		-24		19.4506
-34		328		-25		19.457
-2803		-44		64		19.4634
-43		-107		-109		19.4698
-2744		270		61		19.476
-17		-84		9		19.4827
-2979		-46		93		19.4894
-2515		381		-3		19.4981
-2272		-127		-47		19.5043
-2699		106		60		19.5108
-104		263		-45		19.5171
-65		-40		46		19.5235
-3045		-8		-68		19.5299
-53		-27		-2		19.5362
-80		93		33		19.5425
-2804		-20		-87		19.5491
-2762		-41		10		19.5557
-2523		-89		17		19.5801
-33		330		88		19.5865
-2701		286		261		19.5927
-2948		-84		-48		19.5992
-28		-33		-49		19.6058
-54		-118		-1		19.628
-97		-72		15		19.6344
-2725		325		-7		19.6408
-16		-119		330		19.6471
-35		-47		6		19.6535
-2727		50		-25		19.66
-99		-15		-110		19.6665
-3042		276		296		19.6732
-2765		268		-30		19.6794
-3		-98		-11		19.6858
-2702		100		-86		19.6922
-2951		43		7		19.6985
-3008		-62		96		19.705
-3064		-91		99		19.7114
-6		366		335		19.7178
-2485		-116		-38		19.7243
-82		110		-122		19.731
-2722		-10		31		19.7372
-123		-124		-41		19.7434
-2977		-57		-83		19.7498
-55		272		-5		19.7561
-2560		-15		-34		19.7625
-2778		-24		123		19.7688
-2972		121		-90		19.7751
-3065		-63		323		19.7816
-70		-60		-31		19.7881
-80		-88		-26		19.7981
-92		289		366		19.8045
-2743		270		-9		19.8108
-105		-57		114		19.8171
-63		360		-33		19.8236
-12		275		-81		19.83
-2788		99		24		19.8364
-92		-44		-7		19.8428
-2785		-71		95		19.8494
-121		261		-79		19.8558
-2789		-5		-105		19.8805
-65		-22		-60		19.8869
-3048		334		335		19.8933
-13		346		320		19.8999
-2484		-60		81		19.9063
-3		-67		23		19.929
-13		-102		-96		19.9355
-2556		99		-33		19.9417
-49		278		305		19.9483
-59		59		-124		19.9547
-52		-75		-6		19.9669
-107		61		-20		19.9827
-2965		-99		-110		19.9892
-2953		-112		-12		19.9955
-3054		266		106		20.0019
-120		345		-87		20.0084
-1		74		27		20.0149
-2754		-99		-8		20.021
-3046		120		65		20.0273
-95		-79		9		20.0335
-3071		329		-12		20.04
-24		-57		76		20.0466
-59		-118		86		20.053
-83		-109		77		20.0593
-60		-110		-97		20.0658
-2973		-74		-47		20.0726
-73		-36		275		20.0791
-2277		-3		-77		20.0852
-2458		-61		-63		20.0916
-59		-1		-103		20.0981
-41		270		-14		20.1044
-103		116		-119		20.111
-55		103		45		20.1173
-20		-108		32		20.1236
-2778		39		310		20.1301
-2689		-70		56		20.1367
-2460		352		339		20.158
-2543		257		371		20.1644
-2737		-72		-77		20.1707
-17		-13		-57		20.177
-2989		-78		50		20.1835
-31		291		382		20.19
-88		-64		-19		20.2064
-9		-46		40		20.2222
-2496		355		350		20.2286
-2518		-123		-104		20.235
-83		6		33		20.2414
-96		-116		115		20.2499
-2967		377		-44		20.2563
-2701		349		-29		20.2627
-2525		-124		-43		20.2691
-94		-23		56		20.2755
-65		-86		-33		20.2819
-38		-72		-47		20.2882
-2774		270		-94		20.2947
-2534		304		-82		20.3013
-72		-10		-82		20.3094
-83		-59		-27		20.3155
-25		-33		-97		20.3218
-73		-11		-114		20.3283
-51		353		-30		20.3348
-2506		14		-10		20.3413
-2777		-109		80		20.3475
-2809		-80		-54		20.3541
-2957		-98		-32		20.3609
-121		-106		38		20.3673
-26		-71		-83		20.3913
-101		-64		81		20.3977
-3		345		-21		20.404
-2506		381		274		20.4108
-35		-111		-59		20.4172
-64		125		-93		20.438
-77		339		371		20.4444
-2453		265		61		20.4507
-2731		317		376		20.4571
-2701		259		-117		20.4636
-49		-91		107		20.4703
-3006		265		313		20.4801
-2545		-66		77		20.4865
-121		-44		122		20.493
-47		-33		-107		20.4995
-3009		-45		57		20.5058
-3070		-5		120		20.5124
-26		364		376		20.519
-2480		-104		53		20.5257
-83		293		-64		20.5321
-2970		-72		9		20.5384
-2960		72		-42		20.5448
-2737		79		60		20.5563
-107		-77		-126		20.5627
-90		-32		9		20.5691
-72		-65		48		20.576
-3056		310		-64		20.5823
-2807		285		-53		20.5888
-8		264		350		20.595
-126		-93		62		20.6016
-2779		-38		93		20.6081
-2556		-41		94		20.6361
-113		-74		-10		20.6425
-100		122		-23		20.6491
-3063		94		80		20.6555
-4		-16		377		20.6619
-122		-20		22		20.6711
-123		-22		75		20.6776
-2741		-48		-104		20.6839
-5		111		83		20.6905
-103		276		-65		20.6969
-25		-36		-75		20.7032
-2532		-5		-177		20.7098
-2718		-31		118		20.7163
-2810		-59		-23		20.7226
-100		-78		96		20.7287
-2716		287		-82		20.7349
-2445		318		-17		20.7414
-45		269		308		20.7478
-25		267		340		20.7543
-2962		-31		290		20.7607
-105		-119		320		20.7669
-23		267		262		20.7734
-2510		-78		-128		20.7803
-2743		-59		-84		20.8068
-2439		-127		56		20.8133
-18		279		381		20.8204
-107		79		64		20.827
-2792		-124		-87		20.8333
-29		-9		23		20.8396
-2810		379		-34		20.8459
-2495		-8		-76		20.8523
-92		-87		-85		20.8597
-3026		-75		-123		20.8692
-67		269		116		20.8757
-102		376		273		20.8822
-2483		-58		100		20.8886
-70		-89		76		20.895
-2983		-81		16		20.9013
-2954		118		103		20.9077
-3067		-45		-67		20.9141
-125		266		286		20.9208
-2549		-56		-95		20.9272
-2782		-104		-28		20.9336
-2947		-17		-23		20.94
-29		259		-36		20.9465
-3033		-105		-126		20.9528
-2437		-6		96		20.9593
-2711		102		47		20.976
-69		34		-35		20.9824
-77		297		297		20.9889
-116		311		-108		20.9954
-119		83		54		21.0018
-61		-32		-8		21.0081
-1		-93		-96		21.0145
-48		-1		14		21.0211
-2802		-33		-119		21.0274
-2503		-114		70		21.0338
-123		304		376		21.0402
-2746		-67		4		21.047
-33		-102		-3		21.0533
-3038		-51		-29		21.0594
-105		-35		-52		21.0683
-2809		-45		-19		21.0748
-3063		103		-38		21.1002
-24		-125		71		21.1066
-2542		294		-126		21.1129
-2744		-104		20		21.1196
-112		-52		122		21.1261
-89		278		318		21.1361
-2531		-8		32		21.1425
-7		20		-128		21.1489
-2783		274		277		21.1555
-55		-43		-23		21.1618
-85		-91		112		21.1683
-110		359		332		21.1747
-2484		328		-8		21.1815
-2748		296		306		21.188
-63		-126		306		21.1978
-2966		-75		-99		21.2042
-100		-15		269		21.2105
-116		-42		-85		21.2168
-2713		85		-57		21.2231
-7		-108		-109		21.2295
-99		98		-118		21.2359
-3066		-61		53		21.2423
-5		328		317		21.249
-2957		-43		67		21.2751
-3048		-46		-82		21.2814
-2763		286		-100		21.2879
-67		119		-103		21.2945
-17		-19		1		21.3009
-92		-66		116		21.3268
-44		-94		34		21.3332
-2742		26		-10		21.3397
-69		-73		-58		21.3463
-122		354		259		21.3548
-68		302		-29		21.361
-70		126		-98		21.3675
-3023		38		81		21.3741
-2970		-67		-94		21.3805
-3044		108		302		21.387
-2693		-76		351		21.3933
-2283		-11		113		21.3999
-88		267		-53		21.4066
-98		-38		-27		21.4174
-3023		-14		-22		21.4237
-74		-21		361		21.4303
-2534		110		25		21.4367
-2690		-12		67		21.443
-2813		-96		-87		21.4495
-2950		-64		64		21.4557
-3017		290		335		21.4622
-2730		306		308		21.4688
-2948		-57		40		21.4951
-55		-104		-15		21.5016
-2487		-87		-45		21.508
-2726		-125		18		21.5145
-17		-103		115		21.5209
-2459		-74		-17		21.5473
-111		-96		38		21.5538
-2956		-105		114		21.5603
-77		-58		-12		21.5671
-2554		-88		66		21.5882
-2787		-126		115		21.5946
-74		106		10		21.601
-108		268		-47		21.6074
-83		-22		-51		21.614
-31		-86		-19		21.6206
-102		353		380		21.6269
-92		-66		114		21.6332
-118		257		-96		21.6396
-32		361		307		21.646
-68		344		-31		21.6525
-2521		-97		343		21.659
-2994		52		-108		21.6653
-84		-27		119		21.6718
-3026		-125		-34		21.6784
-126		315		309		21.6852
-102		-52		-67		21.6914
-38		-94		-53		21.6978
-78		124		9		21.7043
-114		-45		-21		21.7106
-45		38		-117		21.7169
-74		-47		88		21.7234
-51		116		-5		21.7298
-2771		-115		26		21.7363
-37		68		44		21.7429
-2983		277		294		21.7536
-81		-9		41		21.76
-2531		-41		-104		21.7665
-82		117		-46		21.7728
-2727		-61		121		21.7794
-74		-65		-124		21.7857
-11		-24		-22		21.792
-2530		327		294		21.7984
-2751		-120		-68		21.8051
-104		124		78		21.8115
-2522		98		-77		21.8361
-22		-71		17		21.8425
-48		271		357		21.8487
-2716		-47		-111		21.8553
-2997		-60		5		21.8621
-2744		-39		111		21.8838
-54		288		-25		21.8905
-3040		98		-125		21.8968
-2948		350		-45		21.9032
-2504		278		370		21.9098
-55		-86		121		21.9165
-34		-50		-95		21.9229
-38		-44		-103		21.929
-3000		-35		-8		21.9353
-2794		262		310		21.9418
-16		-53		-20		21.9483
-2704		290		104		21.9548
-2952		120		-3		21.9613
-2959		-102		-69		21.9677
-59		285		284		21.9742
-2502		262		339		21.9809
-2771		125		-15		21.9957
-99		292		266		22.0019
-2991		9		118		22.0083
-18		378		-102		22.0147
-32		127		94		22.021
-2735		-88		75		22.0275
-119		-105		-78		22.0342
-93		-65		104		22.0406
-3028		261		297		22.0468
-2552		326		337		22.0532
-2778		-39		-101		22.0646
-2725		-63		-53		22.0708
-3071		-90		-110		22.0774
-2963		-66		-73		22.084
-66		338		-127		22.0905
-3		-81		-103		22.0968
-2689		-71		17		22.1033
-78		296		-47		22.1099
-2981		-103		-43		22.1165
-2488		291		375		22.1248
-2497		108		127		22.131
-2701		-69		77		22.1374
-79		-52		59		22.1441
-96		-98		-23		22.1506
-53		319		261		22.1572
-53		-3		107		22.1634
-93		88		15		22.1698
-3019		116		-3		22.1763
-115		-118		-10		22.1829
-21		-107		71		22.2061
-2710		307		-10		22.2127
-20		-55		-109		22.2189
-23		-42		-1		22.2253
-77		-104		-116		22.232
-21		292		346		22.2426
-21		105		-32		22.2491
-2992		-119		107		22.2555
-3033		260		-29		22.2618
-2727		-107		313		22.2683
-2295		-10		44		22.2747
-2771		-95		-1		22.2811
-100		-72		-54		22.2875
-2749		-10		110		22.294
-2987		379		-96		22.3045
-2531		-111		-104		22.3109
-2735		-79		-99		22.3172
-47		-125		-26		22.3236
-37		-86		-24		22.3301
-110		287		374		22.3364
-2733		335		-19		22.3427
-12		-42		-32		22.3494
-2796		-102		115		22.3561
-2492		-33		104		22.3829
-54		-114		87		22.3893
-3066		-25		103		22.3959
-119		-39		-72		22.4024
-3033		-98		336		22.4088
-70		359		320		22.4169
-2471		-83		-20		22.4233
-2743		259		310		22.4297
-23		-79		73		22.4361
-112		89		-48		22.4425
-2766		371		-90		22.4487
-104		346		-42		22.4551
-2497		83		-128		22.4616
-2766		-69		-59		22.4682
-125		-61		-26		22.4943
-31		339		383		22.5006
-49		260		-76		22.5071
-105		-19		362		22.5137
-3014		-46		100		22.5201
-2790		-77		-11		22.5456
-58		109		-34		22.5521
-2761		-14		-13		22.5587
-2435		-39		97		22.5651
-2764		-115		-62		22.5746
-2776		-69		-11		22.5809
-3053		-82		114		22.5875
-2979		-88		104		22.5939
-64		115		-66		22.6002
-2761		-122		29		22.6067
-49		116		-34		22.6131
-2792		-75		-35		22.6197
-57		335		285		22.6264
-2455		284		367		22.6372
-2508		-51		-68		22.6436
-2763		-23		-122		22.6499
-49		-97		-87		22.6563
-70		-70		25		22.6627
-46		-67		-31		22.669
-38		-35		65		22.6755
-2754		-29		89		22.6822
-114		280		264		22.6919
-3030		-56		108		22.6982
-3004		272		-110		22.7046
-2526		-37		-18		22.7109
-28		125		82		22.7173
-100		319		-108		22.7238
-2696		262		-13		22.7301
-3010		-77		21		22.7366
-28		-13		-41		22.7432
-2811		-125		0		22.7496
-64		261		-100		22.7661
-2999		-128		369		22.7733
-2552		-92		345		22.7798
-124		-54		11		22.7862
-2787		-86		116		22.7924
-68		-9		49		22.7986
-30		-38		-12		22.8049
-3057		372		301		22.8114
-120		-79		107		22.8222
-2703		341		109		22.8286
-66		-72		1		22.8351
-2989		-63		29		22.8416
-100		321		-66		22.8479
-2757		293		357		22.8541
-19		-77		-27		22.8606
-2698		-21		-74		22.8673
-2554		-72		-50		22.8931
-110		114		-72		22.8996
-2805		92		-43		22.906
-2805		-108		-122		22.9126
-3023		-120		280		22.9189
-38		-114		96		22.9456
-25		-97		105		22.952
-3019		-38		-110		22.9586
-2485		-13		-102		22.965
-2786		-41		-121		22.9756
-2802		123		-51		22.982
-3018		25		7		22.9885
-95		-23		-21		22.9949
-8		92		-41		23.0013
-2531		-113		80		23.0076
-2727		304		347		23.0141
-2699		-11		-32		23.0205
-26		267		-31		23.0272
-39		279		272		23.0334
-2544		52		52		23.0396
-2		5		-125		23.0465
-2782		-20		73		23.0565
-2976		89		279		23.0629
-2698		354		-86		23.0694
-19		-38		-94		23.0757
-2502		-74		-37		23.0824
-1		-20		-81		23.0889
-2540		312		256		23.1146
-2725		292		-7		23.121
-71		-64		-100		23.1275
-66		298		-87		23.1343
-2532		-68		77		23.1407
-2806		-27		-108		23.1665
-2947		-10		-102		23.1728
-2769		323		-99		23.1794
-2533		-68		98		23.1862
-27		-96		-13		23.1961
-2774		-59		56		23.2026
-23		106		-80		23.2089
-89		282		-23		23.2153
-2514		-2		16		23.2216
-65		-101		-52		23.2279
-2780		269		108		23.2344
-3070		-58		-37		23.2411
-53		58		-31		23.2476
-2770		288		366		23.2539
-2742		104		-32		23.2602
-2760		275		346		23.2668
-3		-118		-65		23.2734
-2962		41		72		23.28
-79		265		297		23.2864
-84		89		-8		23.2927
-67		-33		10		23.2993
-2716		-79		20		23.306
-16		96		37		23.3314
-2730		257		330		23.3378
-2810		120		85		23.3444
-75		-124		66		23.3511
-10		263		-48		23.3574
-2752		-9		69		23.3813
-74		-71		44		23.3877
-2720		-51		-34		23.3941
-51		318		365		23.4007
-50		-56		-105		23.4073
-69		306		-22		23.4328
-61		319		313		23.4392
-2551		-96		126		23.4457
-2713		-29		52		23.4523
-2965		-2		42		23.4622
-3023		-82		270		23.4686
-2719		274		354		23.475
-2772		95		21		23.4814
-7		-116